From 8111111101111. 187

vom 8111111 1812 1111 Einverloibung Η111111111 ⁸). 1111111 111
11111111111119) 11111 111111111 (111111111111111111111111111111
11111. 811111111111, 11111 111111 mmmmm«, 1111111 1111
111111111111111118111111111113111, 11111111111. 111 »1811111111
8111111111 galt 1111111111111 111811111111111 geiallenor 11111111-

11111111 ¹⁰).

5. 11. Δ) Dutch 111 1111111111 vom 20. 11111111 1111.
211. 8111111111 111 (111 11-13) 1111111111 111ὁ 11111. Regiorung
111111111 111111111111111 8111111111111111 111111111111111111111
Κ1111111111111111111111111111111; 1111111 111 8111111111111 11
111. 11 111 1111.11ς.11111111 1111111111 11 1111111111 111 »Umer-
drssekung‹ 11111 dieser 111111111111111111111 Pius Vll. 1111111111
durch Breve 111120. 011. 182111181111 11111111 111 alle, in
111 811111111111 111 zum 15. August 1801 »1111111111 ²) 111111111-
gater. Die 111111 Veroiuigung 1111111111111111 81111111111111 mit

811111111111111111 sich 111111 1111 11111 111 8111111111, dass >

11111111 111 1111111111 111111 1111 1111111111) 11111 11111111. Kon-
fiskationsgesetze 111111111 worden 1111111 11111111 1111111111111111
11111111 111 111 111111111 81111111111111111111111111. 1111111111
11111111 11111111 11 ihren 81111111, 111 111 111111111111111111111111
1111111 111111 11111 1111111111 1111111113. 1111 1111111 11111111-
111111 11111111 1111311 11111 (oben §. 1 Α. 7) 111 111111111111111111
vom 20 Ρ1111111 X durch 1111111111111 Sanktionirung 111 111111111-
gfitereinziehung in 111 11111111111111111111111111111111111 81-
1111111111111 111 11. 811111 111111 1111111 vom 20111111111Χ11)
voraussetzen‚ dass 111 11111. 81111111111111111111111111111, 111

1111118111 11 1111111 111116 111 111011111111111111111111111111111111 1 pour
1111111111111611111111 11111111 11 11 11111311111 111 11111111 11 qui 1 111
1811, 11111111 1111111111, 11111111, 1111111111 11 1111111111111111111; 111
6111111111111 111111111111 111 biens dont ils jouisuont (11111 1. 11 15),
11111111 11111111111111161 111111 (11111 §- 11 A. 11 1. 15) 111 1111 existentes
1111 111 111111 purtim 11 11 [1111111111. 1111. 1. 111157 S. 120 = jur.
1711111111. d. nochum-v, 1885 8. 248.

8) Ν11111111,1111.-1111. 1111111111 11111111. 1877 8. 815, 846 u. 855 l.

0) 81111111), 1611111111 111 11111111 428, Andre 1111 11 825, vgl. 8111111-
111111 1196.

10) 111180. 8111. 1807 11128. 1111. 1810, 1111111111111240, 11131.
prena. 811. 11111111111870, welches 111 Krankenpflege 1111 11111 »die
Pssege 111 0111111111119 111 8111111, 1111111, 8111111111 111 11111111
[1111111111.

1) 1111111111, 111. mor. Ι N. 1041.

211111 1. 11111 80 S. 201.

 

