70 1101301,111ὺεί11111111.100111.1ἰ1011101·801111·11.110101103011111030111.

11. Wunderqambe.
5. 55⁸.

118011- und 1011103011 (9. 105 1101111 2) 111 (101 (10110110
1011101 im [110101110100101101101 111011. 15 111111 1 211101 1-3
1111110110 (101 (10001101011101 (10111 ς. 421101010100101 10110100
10110101 ¹).

101101100111101 1011101 1010101 101011101311011110 11130-
101101101101. 1101Βο0110110111 111 0111011131, 1101 (110 101111-

1101 1111 (111 1011010110 1111101130110110 (1111 101101101110101111113113101110·
bilsen n. 1. 101111 1111101130110110 1010111, 1011011 1011011011 (101(101101101011101
in 0110101 10110111101100 uberhaupt 10110101 1011. 1100111010111111101101
sind 1010100010 10 1011001101, 11010110 <lem Publikun in (101 110301 1031131101
sind: 1111101, 1111101. 1113111110, 1101110, 10111301, 101110010311110111101. 11000
jemand 310101101113 11011010 Η1110113011011010110111, 111 1101010 verschiedne
101011111311131111111101 (101 (10111101 10113010111 11111011 1110101101, m in ,
10101101 11111101 (111 101101101ἀο 0110111111, oder (1101011131131011110101 oder
1110101 10110111131101111010110110111, 0101111011 1013111111 11111101130111110
101001 1010110101 110301.

1101 Η101111011101, (110 1111101031, (101 0111111111011111101 1111101
am Wohnorte 101101 1101101101 1. 41·; (11010 11101 (101 1101011010111010111111
1118001- 1111111101111300 10111110113 10110101, nm 0100 8011113113 (1011011-
111101 (1010110111110111111101.

1) 11110130101111010 11011011111οη 111101 10100 (101 101011311011110101
10110111111011101101101 und 0110 11011011111113 (101101100 10111301, (11101110-
101130101101101 (101101301011101 8011011 (101 801111301010111801111311110110-
3111113011101110. 110110101111101[101101101011101 111 11111οη10101 in 01101
101101 10110011. h. 1101 5. 55 1101 1011011111 101101 (1010111010111101 0110
1031101013 01101 3010111101οη 11101011111113 und 01101013113130110110111113

l. 1110101 1011110101,

1.111110111111113111111111101, 0101 11111101 101 anderen Ρο110001,
als 101 1101101101, 0101010110101 01101, 111 in 01101101 10110111101101, 1110
11ίο1101101ηο1 (1111111101,

3.30110111101010111113010111010111111. 10110101 111 101101 (101 nnn·⁴
11110110 (10101101011101 in 011301 (1101 1011001

nm 110110110 (100 (10101111111111011 (1. 42¹³) 1111 Δ111111110 (101 11111011
1111 111013111101 (101 landwirthschaft. 1111111111 (101 111111101111111 (101 111011
1892, S. 198, ΙΙΙ.

11101101101 (1111011011011011

Ab 1ὶ11Ζοἓ1111ῗ11101301, 801111101111301, 111111111101011011101111300 (1. 11,
1011 , 1011,

2. der 11011· und 1101111011011, 11010101 nach 111113110 (101 1101111011-
1113 0111 (1010 111111111110 111101 101 (101111111113011101111011011301011101
1011 1111111101.

11011011011111 01, 01 auch (110 1111 011011031111011101111110 1011010101

1121111101οῃ 1111111031101101101, welche 1011οΠ01301 1111110101, 10111 (111 Ver·
1 101101.

 

