375 1111911, (111111111111 111111151111911 1111111111 Bayem.

· 11111111] Minderjdhrigen 1111111111111111111111111111, 111 11111111

seges geeagt, 1111 11 111111 1111111111111111111111111111111111.
We 111 1111 1111 1111111113 111 11111 1111111111. 1111111111
111 die 1111111111 1111, 1111 111 11111 11111 11111111111111111111
11111111111111111111111111 11111111 111 111 bei ihrer Pdieht 111-
1111111, 11111 1111111, 111111 1111111111111111111. 1111 hehe
sethin 1111111111), 11 111 111 ganz 11111111111111111111, 1111
11111111 1112111111 1111 111131111111 111111 1111. 1111111111
111 11 111 1111111111111111111111111111111111111111, 11111 geiseigen
7111111111, 11111 111131 111 1111111111111ς 1111111111 111111111111
1111111111111111111111111, 11 11111 111 junget 111111 111
1111111111, 11111111 111111 111111111, 111 1111111111 111 1111111
111111. Wer elle 1111111 111 Bildung ven Jugeed 111 11111111 111,
111 1111 1111111131 111111111111111111111111111 111 seinse 1111111-
11111111 empfangen 111, 111 1111, 111111 zum 11111111111, 111111-
sehsten 11111 1111111111 111, geistig 1111 11111111111111111, 111
11111 viel 1111111 811111111 111111ςί1111 11111111111111111, 111
111111111111111 111111, 111 1111111111 1111111111111111111. 11111
111 111111 1111111 dieser fi. 1 11111 11111111 1111111111111111111-
pretatione entgegengehelden werden 1111, 111 1111111111111111111,
1111111 gersde 111, 111 111 5. 1 111 11111111111111111 11111111111
11111111, 11111111 1111111111 (11111111111111 1111111111, 1111111,
111 1111 1111111111 111, 111 zwang? Wsrum 111 11111111 11111111-
gewiesen 111 111 ganz unvermeidliehen Zustend bestsndiger donesdei,
der durch die Hendhebung 111 fi. 6, 111 111 111111 1111111111-
1111111 11111111 1111, herbeigefflhrt werden 111111 1111111111
1111 111 111111111111 11111111113111111, 111 dese 1111111111,11
lange 111 11111 111 1111111111 111 21. 111111111111 11 11111111
1111111111111111111111 werden, 11111111118111111111111 1111 be·
finden, 1111111, 11 111 11111311111111,“1111111111111 Beddrfniss 11
‘ hefriedigen‚ 11111111, 1111111 111111111111111111111111111111111111111-
dosigkeit gersthen. 111111 Interesse 11111,11111111111111111111111
11111111 111 11111 gemacht 11111, 1111 1111111111 1111111 11111111
111 11111 11111111111111111111111111 kenne, 111111, 111 11 111
Segnung 1111111111, 111111111111.

111 11111111 111 11 111 11111111111111111111111111, 1111 Be·
sedewerd03 die Regierung selle 111 1111 religiosos 1111111111111 Ake
der 1111111111 11111 Minderjdhrigen 111 11111111 11111111, desselben
1111111111 11111111111 11111 1111111113 religiosor 1111, 111 kann
1111 sich hier 11111 1111111

1) 1111111111111 111. B. 10, S. 379, 381.

 

