314 1515551555 8155555. 0155555551511 1895.

8.“815555555555 0155555551511 1895 (292 8., Le 11555
855555, M. 840, 115551. K.·R. 73 8. 365) ·

5511111 ausser 155 5135551555 1551555555 155 81555515 (5511. Bi· ς

551155 8. 121 u. 228, 1515 8111555511551 »zum 855155 51555 11155155-
555555 S. 15, Ι. 11. 1555555155 von 1558515155115555555515115515
S. 15, 8115155555151181111 dor 8515551555 vom 51. 115555 8. 74 5. 123)
851551555 155 11. 1751555 (5511. 1515555), 155 Nuntius (5515115155
155 20. 8551 8. 128) 551 1585535535115555 5551155555 151551-
lungun, 5151555 Alter 1551551535, S. 110, 85551555555555 8. 81,
1115515155 S. 51 u. 65, 155551511553115155 3515015155 815518. 197,
(An 815115 der 515555115555 ’15151 151155 5555511115 01555555·
semmuro 115 155 1151551151 51551511. 0555555155, 1555. 1111511
8. 446, Prof. 81555515 5115855, 115515551511 1895 8. 829, 1896
8110. Der 81551 551111 5151 vor, 555155155155511151511511515-
35111151, 555555 515555 5151. Gymn„ zu 5551551155ς 155 151553 151
11515511 5555115 gemacht.) 155 [115551555555 Adam 8511551551
1511115, 155 8551555551. Dr. Adloff 1555515551, 155 1115551515-
herm und 51551. 0555515515. Dr. «15155 111555155, 51155151, 111155,
8155515851 551 (8. 124-141, 140-171, 278) 111515111515515·
55555515555 155 1111315155 5515555 5511518555 0555555ωώ5555,
551515 515 8555515115555 515511151 51511555515551 5151. 15151515
15555 5155 (8. 171) »nur 155 5115555555 05551555 (5555551511.
1551551155 einer 15155155155115555155 551 551551 1555115555· einer
5155115155 Ermachtigung 55155155, 1551. f. 1.-11. 74 8. 429 5551. 9)
551 155 spaiatgesetzen betr. Eroffnung von 1155515551155 55113555
1155551 1555551115151 einer 8555155515 55111155, 55 5515115555
55151 diesem 85515115555115 5115511555 511581551551555555155511551
115155855515513553 (851551, frana. 81.·Κ.·11. 15 8. 188551 196);
555515551 geste 1515 055515 mehr, 5555551155 85515155 551 Κοτ-
555511555155115 5555151155155 055555555151155, wie 1515551155,
155 115155515515155, 155 0515515515 81. 815151 (85555513 1. 1.),151
1155551551 15 sigolsheim 55185513515155, 155 855551515555 (5511
1890) 15 11515, von 5155115155 »05115555 5511555 (8. 181). Die
55511555 58151555. 05555555515555 111515 1555355 aus: »Nur im 81555
einer stillsehweigenden und 15155511 5551511555 11511555 11555 115
15555.155551155511555555515555 Das 115 115 einzelnen Mitglieder
augerufene 115511, 55 151555 011515515515555 55155555515111355·
1155 55 55511555, 51511 51511 15 Frage und 151 51555515 5551111155
wordum 115 1515511553 1551155115155 1155551555 51555 115155151-
515555 - 555 walchem 115 1555511555 115 151 15155 5135551555
155515 51511 551551111515 1155515155 von dem 8515555155515515155

 

