198 (131333, 933333311311313133133313 11333333.

1133131333 3113331 133 1333111333 113 3331131313 333111311313
131311 33 3333131133 331 333133131113331313113331333 1331331133.
Zn 113333 33333333133 halben 1313313333 33313313 313313111331333
[13331333133 3313 13313 3. Β. 133 1331 133 11. 1331 Κ13133, 133
11. 83333113 113313313313 313.

1113333 halben 1313313333 313133 113133 313131113133 (133133-
sionen 33331333131111313313313 ·- 133 333113 11311333113, 03133-
1133311331133, 11331313, (11313118133133113131- 313 33333 1131331333
3333331133, 33 3313133 1331313313333333 31333 31311333 13311333-
13133133333 33133333133 3131. 131333113333 33 11333 1131333133-
333 und 133 Η131113133 331 113 133 1333113133] 133 313131113133
confessionne 3111333313 133311311333, 33 31333 3331311333 13133
113333133313133133333, 1331133331 113 831313333331333133333-113-
33113 vern 11331 1891, 1333 113 3133 333333133, 133 313131113133
(133133313333 333313331311113133 1131331333 313 3133313133, im 333333
11313333 133 deutschen Reiebee 33 133133113313 83131333 33 331133
13133 331 dass 33 3331 133 133133933133113113133 31311333131131
331, 1313 11333 1333 1313113113333333 33 3311311331). Daneben 13133-

1333333313133, 3331 133 3331311333133 83131333331333 3313333333 83133331-
33131333 133 13131313331333-113131333331311311 1891). S. 12-1913133 113 mebeten
(1333111113 3331331333 33 1-6 833313333 13131133313313133 11311111333 121113.
113331313313131133 331333331113133 8313131311 331 (13331133 1. 19511 113. 2
133 11333113 333 113131333333133313333 13131133313313133 1113 3133313313311333,
331313 31311 33131333 8333113131133, gegeben wind, 33 1333311 3333333 113·
1311333 131 1331113333 13313131133 3331 333113 1313131111 113. 1 133
1333313333 vom J. 1862 333 3133331333. 13133331131333313131. Rueck.
Die 333313113133 833113333333 1133113 833313333313 131Η3313133333313 331
133131331313313, 11133133 1895, 8. 18113. 2, 113. 8.

1111105ὴ 3113. l 331 105h 113. 8. 1131313333313113111891, 8. 26133,
282, 289. - lm 133333313333113131131311. 33131311 331 1311331 11333 313133
331131133, 133 333 den 1133131313333333 11133133 331 1111331333 gennente
131333,31333133131311333 (reete Venninderung) der 13313311113133 1131331333.
1113333 313113333331333 131333 3311 131 3133311333 33 1. 11111 1132133113·
3331333133333·Νο33113 1313133113 133331333133 (13331133 1133 113 83331333·
rnhe im Sinne der (13333133313333 33133 133 833313333333 331113 beiden
11311333113131331333, 0313333133, 1133313331133, Christi 11133333113131, Nen-
jebr 331 13313131313333 33 3331333133. 133 11311313333133 131313333 333 133
11331313- 331 (133331313333133 333 11313313331333 333131113313133333 13113133·
1131, 1333113133331311133 1133113 833313333313 3131331311131333 1133313131-
33333 133 8333313131313133 3311311333, 313 113 331113313331333313111331133113
8333· 331 13311133131113333. 1113133311 113133 81331 133 13131133 331 Ge·
33111133311133 131331313 331133113313 1131311. 13133133 3331333333 1131133
331 1331113113 3333131113 1133131, 1313331313 331 8333313 313 3331 11311313·
beitnehmer im (1313133. Eine 133 13331313111313133, 331333 33313313333

 

