Berecnnquny 6661 8661616666 nach 1161111611. 31166111. ll

scheidungen Bd. 79 111. 51 8. 368 666 06616166, 116611·
6611661616 666 0161-’11116661616 81161666166 Β6. 18 S. 146.
666 66 16166161616 1661111666 666 1161166616611116, 661 861616666-
1161161 11116116166611161 1661616166 1666666, 6666 661 16116611611161161,
161 161116666661 16116 661 66616161 616 816166616616161 1666116166
, 8661 6166 166111666116, 66666 16161666161616116666111666666·
11611616, 616 166116611166 6661616666 666 1161616166 6666166111611161-
11616666 7611116666 61116666 1616, 666 6666 616666161161661Κ6661·
6166 666 46661166166 66116611 1161666661,
611. 0666611611, commentar 6616 116666166166 811616666161661
166 1851, Berlin 1867, 51611. 11616 1 66 6. 345 S. 573 1611
11616 1 66 6. 345 S. 573 6111 Note 17 66 5. 644 S. 572.
116161 616 661166111616616616166666 sallon 1161166111 6116 allge-
1661666 Β6611161666661 6611661116166 1616116 6611161616- 6661166666·
666616661666, 66 11616166 166166616616
0161111166616-1111666161661616 6. 11116 1879 06666166, Recht-
spnechung Bd. 20 S. 127. - (1616666616 Archiv Bd. 27 S. 881
666 06666166, commentar 6116 161116611616666161661 12. Aufl.
1891 11616 ll 66 5. 867 8. 943. - sennam, 0616666161 6616
811616666161661 5. 1611. 1891 1161611 66 6. 367 S. 943. -
8611166166, 661661661616661 811616666161661 5. 1111. 188411616 l
66 6. 367 S. 958.
cler 5. 66 666 116161666661666 1161 616 Β6611666666 666 Ρ61-
666666166666 1616 6. Febr. 1875 661611, 66 6666 61161161 666 6. 367
811616666161661161, 1161 161 661 1161166666 666166661611616616
816116166161616166 8661616166 1616161161, 6166 6666 616 66661661-
11616 66661616666 66116116611616166 6666 16166116611 11116.
1616611161ἰί6] 161 616 66616166661616611111616661 61611 661-
166166, 66161161 1166 616661 7616661666 666 7616161666 661 1616116
16 666 861666 661 11166 661166661661616161661116161111161611661-
66666661 1161 161661661616116161616161 11611, 1166 661 861616666-
1161161 1616666666 1116166166 1161666 661616 616 1161161661661, 661
(1616111616 616 6616161, 11616161 6166 11611616 861161116666 661166-
161161166 6661616666 166161161 16 661661 Ρ116616161666661611 6161611-
616666 6616661166 an 661 161616 666 61661616 1611161161.
0666611611, Commenta 6616 Ptousa. 8116166661616616 von 1851,
Berlin 1867, 51611. 116166 66 6. 345 S. 573. Η16661166,
6661666161 zum Ρ616666661666666616 1616 6. 1661661 1875
2. 1611. 1876 Note 7 66 6. 66 S. 181 und Κ661’6 commentar
66611116.166616611 81611. 1886 86. 3 S. 87 1161696 66
5. 66 666161666666166666661666. 8611166166, commentar zum

 

