8111111111911 1111111111 Ger. 111 71111-8110111111808-04). 25

Mitglioder 1111111111 (11111. 1111. 111 1111 8880111711
8. 128).

ΙΧ. 1131111. 1111111111. 711111191911111111111, 81111111.
81. XV (18 4).

1) S. 19, 1. 8., 201111. 1893. 0118111111111111111118111111
111 1111111111 1111111. 111111111111111 11111, 111111 es 11111 dem 111·
11111111 vor 1. 011. 1807 1111111111 111, 111 Kreisreyierunqm
1111 vorgstngiger qutachtlicher Vemehmung 111 0111111111 111
111111. 111 1111111111111111111111111111 wo 11111 (1111111111 1. 1. 1.
111 1111111111111111111111111111, 111 111 Regiorung 111 81111 111
Β1111111119.

b) 8. 51,1.8., 201111. 1893. 11181111111111111111 11111
11111111111101111111-111111111 wegen 1111111111- oder 1111111111
1111111111, 11111 aber einen Ρ111111111111111111 immor 1111111111.

1) 8. 145, 111. 8., 13. April 1891. 011111131111111118111111111·
kirchenverwaltungen (11. Verfassungsboilage 5. 90 1. 91. 111111111-
1111811111111111 8. 267) 111 111 8111111111 1111111 1111111111
werden, 1111111111 811111111111 111 8111111111 11111111111111 111-
111111111111111111 111 11111111 1111111 desselben angohbrt. 1111
11111111111111111111111111111 11111 111111111111 111 1111111111·
11111111111111 1111 dem 111. 186 111. 8 111411111111111. (11-
1111111111111 1111111 011111111111111111.

1) 8. 158, 18., 18. Apri! 1894. 811 1111111, mit 111111

8111111111 111 11111111 8111111111111 verbunden, 1111111111111, 111
111 111 11111111111111 01111111111 11111111111111111111111111111·

111111 1111111111 81111111 zu 1111111, 1111111111111111111, 111·
111111111111111111111111111111. 01 111 1111111111 111 111-
gfltung 1111111 11 111 1111111111111111 8111111 1111311111111111·

11111111 ,11111111 111, 11111111 1111 1111 11111111111111111111
1118111 [11111111.

1) 8. 186, 1. 8., 18. Mai 1894. 1111 1111111 1111111111111
111111 Psarramte 1111111111 1111111111Ρ11111111111111111 1111111
1111111111 81111- 11101111111111111111 111111, 111111111111111111

1111111111 11111111, 1111111111111111111 111 0111111111111111111
111 1118111111111111 111111 1111111111 8131111111 11111111.

11 8. 281, 111. 8., 6. Juli 18114. 111 Κ1111111111111, 111
(11111 111111 iiber Loistungen 1111111111111111111111111(011111
8. Aug. 1878 1111101111. 13) 1111111111111111 1111111111, 11111111
1111 111, 1111 111111111111111111111111 111 8111111111111111111
111-1111111111 111 1111111111 81111111111111 zum 11111 111

 

