Franz-Fraumkiottcr. 193

(111111111111111) 11111111111 [11111111 vom 8 111111111 xli »11111111
eine religiose Vereinigung 1111 (11111111111111 111111, 1111111 111-
11111 durch 1111111 11181111111111111111 111 1111111111 iirmtchtigung
1111131111 1111 1111111 111 8111111111) 111 Ordnungen 1111111

111 (11111111111111 m 11111111911111111111111111111111 11113111 1111 private
1111111118111111 111 war 1111111 111 1111 1111111111111131111111111111111
111118111111111 111 111 11111111111 11111 8111111 1111111. Die Schule
11111 11111 111 11111111 111 1111111111. 1111 1111111311 1111111111311 1111131
111 111 franzotiocte Regierung 1111 111 11111111 1111 1111111111, 111111-
11111 -— 11613111111111111111111 1111111111 - 111 111 1111111113 111 111-
11111111 11111111111111111111111111 111 (111111111111111 111 1111119111-
11111111111191111 11111 ttici> 1111111111 der Hand 111· Genoumsctalt5 111
»111111111111111111 111111112111 11111111 vom 11 1111111. XII 111311
0111111 11 1111131111 11111111 1111, 1111111111111111111111111111111, 111111
111 811111111111111 (19 11 1806) 111 ’1111111 (11111111111111 111111 1111111. 11111
Α111111111111111ς hatte 1111111 111111] 1111111. - 1111 11 11111111111111
111 1111111111 ’111111 111 1111111111, 81. 1, 11382 11111111 111, 111 111
congregation 11 111111 111111 11 ’11111 1111111131 11111111111111111111111111,
»11111181111111111111 1111111111...ι - 1111111111 111111 111 11111113 dem
01111 111 mit 111111111111111111 111111111111111111111(11111111111111111111)
11111111, 1111 1111111111 11111111111111, 1111111 111 11111 11111111111111 »11-
1111111111 (111 (11111111111111 U. L. 11.) 1111111 111111111 111 8111111111-
1111111 11 gut. 1111 Kongregation 11111 11 1111111 111111111 11111111111111-
11111111111111111 iiioiloriusungen desselben 011111 ; 1111 1111111 111111 11-
111 mettin 111111 111111111111 111111111111111. ’11111 ihrer isolirung 111
1111 11111111 111111111111 1111111111 11111111 1111191911111111111111111111
111»811111 Trium 1111 111 11111111111111111111111. 1111111111111111111111
111 111111111111111.111.10) 1111111111 111 1111111113 111 1111111111
111111, 11111111 111 011111 1111111111 111 11111111111111-11111111111111
111111ιί11111 1111111 1111 1111111311 1111111 111111, 1111111111111111 mittiue
Leitung 111 11111111111111111111 11111 11111 Β1111111111111(11111.Π1.18)
11111 111 1111111111 (institution) 11111111111111. 111111111 1111119111 111111
111111 8111111111 1111 111111111111 werden, 1111111 1111111111111111111113,
11111111 1111111111111111111111111 111 1111111111 11 111111. ΧΠ nie zum
Vollmge. 111111 111 11111111 111 11111111 111 11111111111111111113 11111-
11111 1111111 1111111 111 wir ihm ttrigons 111 11111311.

1) Aue, (11111111111111111 113111111, 1111111111111111111111111111111111
111111111111111, 111111 111 11111 1111111011311 111 11111111131111111
11111 stauratio nngegriiion 1111111, (11111111111111 1111111, Btp. 11111. 1. 1.
1111111511. 554; simmam, congrtg. 111. 1892, barone 11 1111111 Paris.
1111111111 11111 (1111111111111111 1111111 1111811111. Xli (1111111 1815 1
120, 1871111151, 1811 1222 11122, 1881 11111, vgi. Ρ111111111 helgo 1847
Ii 151, Belg. jud. 1841113811) 11111118. Febr. 1809 (111. Kyneteia, 11111111.
1. 1111111. 1111111. S. 185, vgl. 1111111111 1. (11111. 1. L. 1881 11811800
p. 181 1. 181), novio 1111 111 (11111 11111.1161111111111111111111111131111
1111111111 1111111111 311311111111 1111111111111111 11111111111111111

2) 111111111111111111111111, 1111111111111111111111.5111111111111111

 

