,4444444444 acnuam 444. mut 4444444444 (4444-44 23

4) 29. 011. 1894, XIV 8. 205. 0144411411144 Berroiung 144
Κ144144 (G. 2411 1869 §- 6) in 144 8444. Η4444444 4441444114141
4441 441 144 Auflassungsstempel.

s) 12. Nov. 1894, XIV. 8. 91. g. 86, 9011. 11.-11112,
014.-Ρ4.-0. 584, 814 11. 4411144444 144 1114441441144 144 744444πά·
44141441411444 1414464 144 Kinderorniehuny bei noch 41411444114-
144114 4414444144 1114 durch das 441441441411144414114434444141444
441 114 4414441 desselben 1444 111444141144944141144 4111444414 444-
1144644 Regolung 41411 4414411441 444, 4444 414 4414144 814441441144
durch 14411411 144 114144 geboten 444414141.

1) 111144. 1894, XIV 8. 201. Die Κο414414411411144Ρ144-
rm (44. 44 des Dekrets 44( 1813, 4444444, mein. 44.-
8444441. 2. 1411. 8. 119, 841941, 14444. 81.-Κ.·11. 132 Α. 5, (144. 21
11118826. )444144411 4141 nicht 441 14444 14414444 1144 4111
4441 114414111141 144 8444144144 441 8444441144 144 (144141141444144
141 41444 4441 dom Το14 41444 141141. 81444444 4444444444444

8149414444, 6444114144144-(144. ξ. 79 N. 5, 141-(1.1. 21.

VIII. 114144141144344144 1. 444444. 0144444441444434414114
Berlin (41414 1. 84441).

4) 10. 1141 1893, 841441. XXV 8. 186. 1114 84141144-11444141
1444 114 (114 841141114444 414 »148441114404 fibergehem 24441
desselben 141, 14441 4441114194 844141411444, 444444841414114444144
1444111444 84141141141414444 441 444 4414 1144 4. Z. gabant 444144
muso, 4144 dem (14441444114 444111411144 14441444444144 84141144144
44 4441141444 (vgl. 1141441. XVII 8. 218, XXI 8. 186). 11441 ge-
44414444 1. 11. 14114 144 Ρ41444 444, 4444 44 444 1444111441444414
Einhio'nfte 1441411, 44 1144144 44 11441114144 (14114144, 414441114414
144 814414414144, 141 [1444441344 144 1114414 (1441444444 11. XXI
8. 296) 1414144444. 11144 014444444, 4444441 144 114144 gogon-
41144 144 8444441444414141 (ng. 11. XXVI 8. 160) 444 1441411444
4144111414( 114 114 841414 44144144114144 11644444 4441141141 4144,
144414 4141 44414441 1141444144 414144. 111144, 41441414 4144
14441 1446144414 vom 21. 1411 1846, 4444441 114144411444444144144
im 84141141444444 114 84141441441411443441114111444 4144 111114·
theiligung 1448144414441114111444 aufzukommen 14144, 1144 8411444
44414444 14144 (vgl. IV. XIV 8. 252 4. XVI 8. 266).

1) 21. 011. 1893, 1141441. XXV 8. 197. 1144 14414441111414
8414 - fi. 80 A. 1.·11. 1112 - 1444 141 (44144444 114414441444-
4414144 44 ciuem 0414 14144 1114441444 nur 114 1141441444 441444

01441444 1414444444 141, gilt 444 114 114 Κ441444444 [44144444

 

