11111111111 u. 111111. 11111111181111· 1. 1111111111 11 1111111. 17

8111111111 111 (1111111111111111 111811111111111111 111111 11
1111101111 111 111 1111111111 11111111).

Wo bezfiglioh 111 1111111111 11 11111111 1111111111111111111
eine Ausuahme 111111 3111111111 111, 1111111111111111111111111111·
11111 11111111111111111111111111 111111.

Wir 11111111 111 vor, auch in 111111111111111111111 Vor-
anlassungen 111111111111 1111111111111111111 111111 1111111111
11 1111111111).

. 2.
1111 1111111111, 11111111111111, 11111 111 81111 11111111-

11111111- 111 (11111111111111111

l. 111 111111 111111111111131,

2. 11 dem 01111- 111 Pfingstsonntage,

8, 11 111111111110111111111111111111111111, 11 protestanti-
1111101111 111 (1111111111111)
111 311111 Tag 1111 1111111111 11 111111.

111111111111111111111. 11111111111111111111 11111111111111111111111. 1131.

11111. 1111111111111111, 1810, S. ‘1-93 1111111111 111111111111 1. 1. August
1118111 11111 1158, 9. 1111181011112. Jnli 1811, (1111111111 1111111·
1111111 1111111111111111 Β. 1, S. 561, 181.

1111111111111111111111111111 111 (1111111111 111 11111111111111 111
1111111111 1111111111 111111111, 11111111 11 mit 1111111111 111 11181111
11 1111 habe, 1111 111 Rege} 11111111 811111111111111111111111111111
11111 111 1111111111, 1111 111 Rege! 1111111 11111111111111111111111111,
11111 11111111 1111111113 1111111111. 11111111111111111111111111111111111111
1111111111111113111 81111111111111111 3111111111 111111, 1111111 111 1111 um·
1111111111, 11111111 11111111111 111111111111 11111111111111111, 111 11111-
11111 1111111111 Zeit 1111 dem 11111111 1111111111 111 1111111111 11111-
111111 werden 111111111111 111111111111 1111111111 8111111 1111111111
11111. 1111111111111111111 (1111111111 111 11111 [1111111111111 81111111
9. 1, 1111111113111 11111111111111 30. Juli 1862.« [1111111111111111
111 1111111111 111111111111 11111111111111111111111111 11111111111118111·
tagmrbeit 11111111111 111 1111111111 111 1111311111 Pallen 11111111.

1) 1111111911·81111111, 11111111111111111111111, B. 28. S. 843; 81119·
11111, Β. 9, 8111. Die 1111111 1111 11111111111111181111 111 11111111111111·
ordnung und 11111 111 81111111111 1111 111 81111111111111111111111.
Die Ausuahmebewilligungen 111 1111111111 111 811111111111 1111111 1111
11111 111 11111111111111 111 111111111111111111111111 (1111111, wind, 1111111).

2) 81111111 111 1111111 1111111111 1111111 1105111111111111111111111·
111111111111 111 152111111111111111 1111111111111111111111311 111 111111
1111111111, mit den Bostimmungen 111 Novello 11111111111111111111111111,
111811111111111111111 11111111111111 vom 5. 111111111895 1111111111 111
1111111111 111 1111111111111181111111111111 im Gewerbebetriebe (Reiohugo-
111111111, 8. 1111).

3)1)111111111111 vom 1111111111 1815 111111 11 11111111 (111 voll-

 

