(111911, (11111111111111111111-11111911 1111111111 Belum. 403

1 11111, lagen 11111111 8111111111 1111 1111111111Κ1111111111111ς111
. [111111111111 111, 11111111 11111111, 11 11111111 111111 111111
· 1111111 111 1111111 1111111111 (111111111111111 eines 1111111111,
ζ 11111111111111111111 erzogenen Kneben 11111111. Bel der 11111111111
: 111111111111111111111111111111111111 111111 - wohl 11 1111111111
ν en 111 1111111131 81111131111111111111111111111 -1111311111111

111111 11111111111111 1111111 1111111111 111. 1111111 daher 11111

, 11, 1111111111 11 111111 (111111111111111 zu allegem 111 1111111111

1111111111 111 111 Religion 1111111111. 1111111111 1111111, »1111

5 111 111113 111 1111111111 111 11111111 111 11111111 811111 111
; Κ111 111 1111 11 11111111 gebracht werde, 111111 11111111 111

(111111111111 1111 1111111111111 habe 11111111111111111131111111

3 111, 11111111 111 1111111111111111 11111311113111111111111111111-
, 11111111 11111111111111111111111.1 111111 1111111111111111111111-

11111ς 1111111 1111111111 11111111 1111111111 wichlig‚ 1111111111

1 (111111111111111111(11131111111111111111111, 111 11111111 11111 11

dem neuen 1111111111, 11 111111 1111111113111111, Bestimmungen 11
1111111, 11111111 111 1111111111 11 111 111111111111111111111111111
111 einen] 111 1111111111 1111 111 0111111111 1111111 emplangenen
Kinde 11111111 11111111

1111111111 wohl 11111111111111111111 1111111111 111111, 1111
111 111113 11111111 1111111 - 11111111 Η111111111 111 Religione-
1111111 vom 11111 1819 ἓξ. 20, 21 - jeder geselzliellen Begnlndung
111111111; 111111 gerallo wegen dieses [1111111111 111111 111 1111111-
gemeiner Zusllmmung aufgenommene 11111111111111111111111 111-
111131111 11111, 1111111 llltglieder des 11111111111111111110111-
1111111 111 confirmation 111 111111111111111111111111,1111111111
111 1111111111 1111111111 1111111111 11111111, 1111 11 eine 111111-
11111111111111111111111111, ob 11111 heiligen Handlungen 111
1111111111 1111111111111 111 (11111111 11111111111 1111 11111. 11111111
111111 11111 1111 11 111 1111111111111111111111, 1111111111 1111
1111111113 111 11. 11, 15111 16111 11111111111111111111111111 18011
111111 111111, nieht 1111111111, wohl 1111 11111 1111 1111111111
Monlgeles der Geselzeommlssion zur erdigung 111111118111111111
(1111111111, »dass 1111111111 1111111111 11 Bezug 1111111111111111
1111311 1111111111 11 11111111111, 11 111 111111 11111 11111111 (111·

1111111111 1111111111 111, 11111111 1111 111 1111111111111111111111-
11111111 werden 1111, 111111111111111111111111111111111111111 111
111111111111111111 sel«

111111 Μ1111111111, 111 17. April 1814, 11111111118111111
111 (111111111111111111 111 1111111111 Frage 111111 1111111111. 111·

 

