140 1441414411414411111.1.·4.-1.4.44.144.14441114141. 1444.

60. 1111. 144 19. December 1894 Z. 4109 (111411. XVIII. Nr. 8258).

1111114 81434141 644444411111411144 3441414141 11111411-
11414141144344 141 41411 144 (1443144344411 vem 19. April 1885,
R.·G.·Bl. Nr. 47, 4411411 1411311411 144 64144114141414414 vom
18. April 1866 4444341441. (cn. 11111. Ν1. 2974 141Β11114. 141411
J. 1886 441 Nn. 4893 41144. XIII 1414 J. 1889. M. s. 1414141
6.·11.-1111. 144 16. 1144. 186214 Archiv LXIX. 905).

61. 1111. 141 19. December 1894 Z. 4138 (11111114. XVIII. Nr. 8219).

111444 8441441341, 14141141 141 141114111344 1134434 4411144
Η1114411441414144441 Verpfliehtungen 4111111, 1141441 1111144444144
41114114 111144411413 411 114411444441441 411 4144 114441441141
11411144.

62. 11111. vom 21. December 1894 ’1. 5914 (111411141111111. Nr. 8270).

143111441141 141 11141444414111441-6441144 11 841144144 zur
844411411411111443 141 141 141-11. 111111411414444111441443414344·
1141141. 1114 144 Κ11411444414411441-(1441114 1413441411141 Voren-
4411431111111 114411411411, 1414 114 (14441414 4141111114111411141

14 8. 16 144 Ges. 144 18. Ianuar 1867 L.·G.·BI. Nr. 5 bestimmten
VrisI 1141411413 1434344 4114141 141.

113. 11111. 144141411.1.-(1.·Η. 144 4. 1411141 1895 Ζ. 89 (1141411411, V.·G.·H.
1111444141444 Β1. 1911182911).

111411411414413 144 11444144 414111 4141 414 4114 14141443111
641114114414141, wernher 141 8141114114 je 4441 144 1144141141
114 74114114134141111141 4141 4141 114 (14114114 zu 44144141144
11114418. 55 144 (144. vom 7. Mai 1874 1111111. Ν1. 16). 14144·
14114 41111411 41411 1144434114 141 (143111141144 141144444441144444.

64. 11111. 144 9. 141. 1895 Z. 144 (11111144. Nr. 8819).

143111441141144Ρ1411414 11 9414434444134143441141144 41444
Beneficium, 111 1414114 14144 413444141413414141141144314414111
141. 4114144 8411114114114, 1414141144 141 1141141144 11. 41111411,
1444 114 114 1441414111314 1444144443 41444 11141144 141 11411-
34441414 ann 141 9141141 M. bekannt gegeben nunde 141411434341
114144 1111144141341114141 14114, 11411 wohl die 2441144443141·
1114111344 7411111143 144 1111444414 4181413411144111 114134
141 [1441411443 41144 ’11141144 141 Ρ41441114444, 414114144414434 114
1441144443 zu einer posiIiven 14141443 4114 441444 Ρ11141444141414·
441 44144 1141114114 B. 4141114 4441144443 141 741411411413
341413411 werden, jeuen 11411143, 14141141 1111141 144 [1444114414 Β.
341414141 nunde, 4114111441 4444111344 1141141143. 141414141.

 

