360 111111, (111111111111111111111111911 1111111111 81111111.

Β111111111111111 11111111 1111111111 mit der 111111111111 1111111111 ³

111 1111111111, vorin 111 1111111 81111111111111Κ1111111111-
11111111 111111, 11 11111 dem (11111111111111111111111 1111111111

11111111 111111, 11111111111111 111 111111111111111111 111111- 3
1111 11111 11111111111111111111111111111111111111. !

11111111111111111111111111 111 1111111111111111 11 111111 111-
11111111 gemacht 111111, 111 111 1111111111 (11111111 1111 1111
111111111111 11111111111111111 111111111111. 1111111 11111 11111-

1111111111111111, 1111 111011111111 111 8111111111 11111, 111 ς

11111111111111111111111111111 werden 11111, 111 1111 11111 111
111111 1111111, 1111 11111 nach 111111 Β111111111111111 11111111).

Ι s
1

Um 111 1111 111111111111111111111111111111111111111111 ¹

1111111111 zu 111111 111 111 11111111111111118111111111 1111111111-
111111111111111111 111111111111111111 11111111 111 011111111111)
11 111111111111111111, 1111111 111111111111 1111111. 1811111. 111-
1111111111111111) 111 [111111111111111 81111111111111111111111111-
111111111111111111. 111 11111 11111111 1111118111111111111111111
1111. 18 111 dem 111111 111 11111111111111 111111111111111111111·
11111 (1111111111 111111 01111111111111111111111111111111 81111111
1111111111, 11 111 111111τὶ111 111 11. 01111111 (11. 5-111111
11. 1111111111111111114) 111 111111 111 111111111111 1111111111111
111 1111111111111111111111 111 11111111111111 1111111111111111111

111 11111111111111 111111 111111111111111111 11111111111111 Akte 1
1111111111111111111111111. An 811111 1111111111111111111 111· ’
1111111111 1111111 8111111111111111111 111 ξ. 18 - 111111 11111 i

1) 1111111111 111111111111111111111111111, 111 1111111111 (1111111111

1111111111, 8111111111· 111 1111111111111111 1821, S. 803-806.

2) 11111 Ζ11111111111111111 1111111111 11111111111111. 111-1111, 1111111-
1111111111111111111111111111111 1111111111. 3. 111 1111111111 1888, S. 633
Dr. Karl Frelher 111 81111111, Die 1111111111111111111 111 111111ῐοί111
1111111 111 11111111 1898, 8. 108

3111111111 111 81111111111111111111111 111111111111111111111 811111-
1111111111111111, 11 11111111 111 1111111111 111 1111111 111111111111
(1111111111111111111 11111 1111111111 11111 11111111111, 111 11111111 noch 11-
11111111 1111111 geht 1111 111 11111111 111 Religion 111 andern 1111111111
1111 hart 1111111 11111111111111111, 11 111111 111 1111111111 111 1111111111
Religion ihrer 1111111, 11111111111 11111111-1111 11111111111111111111111
1111111- durch 111 confirmation 1111 communion 1111111 in 111 1111111 einer
111111 confession ausgenommen‚ in 11111111 111111 11111111111111111111111-
11111111111111111111 1111111111 1111.

4) 11. 5 111 1 1111 1111111111111 1111111. 7 111 8 111 11111111111111111
vom 84. Min 1809. 71111. 18, 8111 11. 1111111111111111 11111. Mur
8111111, 81111111111111111181111111111, 1111111118111 S. 153, 114, 155.

 

