196 1101001, Franz. 1100000110οι00.

100000000ιὲ000 (0100 fi. 11 B. 1)0011011101]000101110110, »sich zur
0101001100 ihrer Γ1111101011 wieder 00 maniam«, 001 110 10001
110 81001000011000 001000000 ⁴) 100100001011011011 0000101ος 000
11000 0011001101οη (1001011000 100 10000001101000 0100100 0000010-
000001 11000010 (10111010 100 Κο01100-, 100 1000001000 0100100
11010ῑο101100 0. 0. w.) 11110 00 100 000010010010011 100 8100100100·
1000100 10 0010100110100, (100 100110010ηᾶ 1001001011 00 0000010-
11101000 1000100 0101000100 110000 01011 1010011.

Die 0000 10000. 8100100100100010 0000100101οο 0100 010100 00-
0010000001 11110100 10011000 also Kmporationsrechw), 001101 0001
000101100οἰ00 110 (1011010, 0001101011το 1111101011000110110100,
11000 01011 010100 »01010100001000 worden sein 0011100.

1100100101οο 11010010 0001 11119. 11010. 1190 1000100 110 11110100 0100
910110000 000011110110100 0011010000, 0100000000, 10011010. 0001. 10. 18181
p. 353. In Ρο000001 (010 0010100 1010101001101100010101001100000 2111010000
1802112) 10110100 010 110001 110101000110011000101110100, (100. 20. April 1881
Α. 5. Dutch 1000011011010 110000 11000101110000 1011 00 10010100, 1000 0110
1111011010010011101001000000 0000100100, 110 1001100001111011011 100 001010
rum 1010 (8011000011, 110. 0001. 10010. 11 248, 001. 1101001. 1. 110101000010110
11 (1011000101 XXIII 8. 203) 110 zur 1100010100 1110100οῶ11000 100 10010110
010 00110011 0100 10001 100 1000100100 1001010100 1111010100011011000111011,
00100011 00 00 100100111101100 10000101110101010000101000 1101100100000, 100
1110110000 1 0. 0.) 000 0001011110ὴοοι 1001001100 100 90011001010000 00001·
11001000 810010 1011001000. (1101001. 1. 01001011. 80 8. 237). 1001010000 101
11010010 1001000 81000111011011011100 1000001110100, 0001000 0111 0101 001
0010000100110101 011 8111100000, 0. B. 101 »8001000 100 0101011. 801010οι
(0100 ξ. II A. 10), 0011010110 1000010001 nicht 001101 0000001101, 0011000 01000
010011101οο 1101011001οο 100. 100 11100001. 1100001010 1100100000 00000100.

4) Es 10111 00101001 111011000110 10110, 1000 00 1010001100001010-
10010010 110 10000. 1100100000 11000 11100100 010010 1001010001πί0000000
(801100001111 252 11.) 100 81110 100 1100111.11110010100001000010011000
00100100 0000100 010 01001101 10100101011010011011000 100 11001000001001000,
0100 01010110001011100110011101, 0011001 0001 010 010000 110011000000100
(0100111 Δ. 4) 0010100 001. Der 111100001101 00100100 1100000011οοεο 011
000001011οο0 0101100 101110 01011010010100 11100100 0001 0011100100100001100
0110101010.

5) 100000. 10011101. Art. 91, Romu, 81001011. 1. 0000001100000110,
1810, Bd. 10 8211, 0011010100001011 19. 1101 1885, 11. 80001, 8101111110
0001110100, 1001. 1. K-B. 57 8. 120. »Die 8011000000οι, 00100 0010100
1000001000000110 00110111 0001000, 0101 11010010001 100100 800010 1001101011
0001000 100110 100001000101110000101 00 0100 10100 1101001001 1100110. Die
1100000011010000110 0111 niem 01110010 0000 11001100 von (1001101000000110001
1000010001, 111000 0001 zum 100000 01100 Ρο000000000000001101101001101011οο
000110100 0000100, welche 0001 01111110 100 00010010101011000 1000100 00-
10010011010 1700000000010100000101 001100.

.-.... ------.. .-

 

