354 onyce, 3131131113313193133113 streitiyen 3131311 1334133.

82511313 1. 8111113 81333 131133111135311113311111 131 111311311-
gibson« 1131331313 1311 1311331335·(351131113153113353393111313131311
33 13531 133 131331 33133131133133 831331333, 1333 113 1882113131
31313533111331 Ν31333313131333 33333333333 1311333333 (1133131133
33151111, 113 3133 1311311311133 11113113 vom 851131331111113 53133133.
(113133 11131315311113113, 3311311 31313511135, 133 83153313311311133
5131311333 13113133331335133 1111 3135 331 113 1133318333333 131
1313 313331331131133 8333113 353331353333 83515311 53335331, 131.
D. zeitschr. f. K.·R. IV 8. 392 3. 817).

1) 18111131895, Vl. 8., 8. 85 8. 199. 53311 3533 8331113- ’
13333 13311313313131111313331113 (111131133-1113.- 3. 8333110. 10 X
73 8. 22) 11333 131· 8131131· 313 8313313333 331 1131331131 133 81311-
3311313 (8. 778 Α. L. 11. 11 11, 8313533311311124111 1892, jur. W.
92 S. 483) 113 81331333 33333 1131311311331 Ρ33111 131133333ς 113
811353333133113131311313135, 1333 313 1313 Ρ3311133111333 11113 Zu-
31131311133 335, 111351 Μ1111331131ι33113 33331133. 131. 3533 3.

11) 4. April 1891111. S.. jur. W. 95 8. 271. [113 83111333-
31113111 133 8111313 33 83111135331133133 1313111 31351 331131, 313 das
Μ1153331333331331111133311, 3. 8313351. (11311115. 89 8. 293.

1121131 18913117. 8., jur. W. 95 8. 325. 831 81138130.
416 31131331135131351 113 331 1111113113133 8311 von 10 113113133
nach 813335333131 81131313 8531333113111135 333313315313 911131-
1333331333333513351113533 81333333 3111 anderen 33111113533 Ρ31-
331133, 313 331331 Fran, da 113 5331311353 [1353331333 111351331
133133 131331533333 5313111 (3531133 22. 1131 1888, 111. 8., 331
188351. 1894, 111. 8.).

13) 5. Mai 1895, lv. 8., 131. W. 95 8. 317. 83311131311313331
131 113 1383331133 133 831313333331135133, 1333 831131383133, 13133
31311313 85333113 13 113133 331133 3313133 33531113133351, 133
Τ113153313311331.799 A. 11. R. 111 31313313 31111133 1113333, 3333
313333 8383333139 3131 1133331, 1113 1313 83133 11311 zu 1333533,
333333133333 worden 3131. ’

3) 9. Mai 1895, IV. 8.,1111. W. 95 S. 318. 8133 0113115333,
3313335 113 331133313531335113133 8133153311331 133 1133335311
3131111311353 11331 33 3311131133 53533, 13113313 113 133133133113113
8331153333 33133133 113533; g. 762 3. 790 Α. [1. 11. 1111 331-
331333 331 3313113 331 53113113 1318331331. 1331313 8311311313 13131
111351 33533 33311113 81113111 3313113131333 83131133 133 8313115133.

3128. 1131 1895, 111. 8., jur. W. 95 S. 328. 111113181333
331 8331113113, 3131351131 35 31131133 313133113311133, 11333 31311

 

