00 811311,1111111111.111111.1“11111118ο111·1.111111113111813111.

ven 12 [1111111111 zn 11111111 11111111 bei 11111 11111111111111311-
den Senn· 111 1111113111 1116 1111 111111111111111111311 111111.
111 1111111111 1111 1131111111311 113· 111 Ν11111111111 knnn die
81111111 1111111111 111 6 1111 111111 11111111131111111111111-
teges, 1111111111111 6 1111 Mergens 111 81111-111111111131111-
ginnen, 1111 1111111111 111] 8131111 111 1111111111111311111218111111
111 8111111 1111.

111Η1111113111111 1111111 (11111111, 1111111131 111 11111111 ,
amersten 1111111111, Oster- 111Ρ111311113111111111111111, im
1111311111 8111- 111 811111311 11111 1111311111 111811111111-
11111131111111. Dureh 1111111111111 8111111113111111111111111
eder 11111 11111111 Cemmnnaleerbnndee (1112) kann 11111 Be-
1111113113 111 1111 111111111111211113111111111111311111111 111
1111111211 11131111111111 oder ’ 3111 111111131 werden. 11111
Ι1111111 1111 1111111 111 11111111111, senio 111111111118111-111
81111131, 11 1111111 11111111 111111111111 einen 1111111111 ee·
111111111111111111111111111 mannen, kann 111811111111111111111 Ver·
11111131118111111, 1111111 1111111 111 Beeehestignng 11111
1111111111, 111111 1111 81111111 11111111. Die sennenn, 1111111
11111111 111 811111113113 11111111111111, werden 11111 11111111-
1111113113 111 111 111 11111111111 811111111111 1111111111111111,
111111 111 81111111131131111111111 1111111111181111111111311111-
311111111111111111 111, 11111 11111111, im 111311111111Ρ111111-
1111111 111131111111. Die 111111111113 111111 1111111111111111111131
111 Η111111311111111 verschiedne 11111311 ¹).

..—-—.. .-—--

811111131111131 Τ1111311113111111111. 111111 Betrieb 1111111131 3111 dn·
11111111 n. B. 111 [1111111111 1111 811111 einer Ζ1111131111111111,1111111·
1111111111 1111111111111111, 11111111 11111111 111 8111111111 1111111111 111-
111111, 1111111111, 'l'epezirer-‚ Sehloeeer·‚ 1111111· 1116111113111111, 11111111 111
111111111111111111111113111111111111111111, 111 (1111111 einen Bnrbiere.
11111111 1111111111) 111 enenennnne 11111111111111

1111 811111131131111111 1111111 1111313111111 Unternehmer‚ 111311
1111111111 8111111111, Stante· 111111111111111111111111311,1111111111 111111-
111111111 81111111 uin 1111111111111111 111111311111111111131111111 hinnient·
1111 111 Regiebnnten und 1111111111 11111111111111111111111111111113, 11111-
11111111 11111111111111111 11111111 1892, 8. 511, 518, 111111111111 11181311-
111111 81111111111111111111, Regin-(immunem 111. 1118111111111, 1111111- 1111
1111111113111111 1892, 8. 1111, 106; 111111111111 111 1111311111, 8111111 111·
1111111111111111 1111111111 1892, 8. 202

1) an 811111311111111811111131111111 3111111 1111 §6- 1111111551,
1111111 111111 1131111111 sind. 11111131111111113 111 11111111 11111111111111
1111111 - 18112, 8. len-200 - 1111111111 1111111113111111111111311 11111 111
11111111311111311,111 1113111111 11111111111118111111 111 111 1111111111111

 

