372 oeiycr. (110010110011111110110111301 Pomm 11 Bam,

11101111101010101 11101011οοὴοί1 100 1111100101 0111 6131300
65 81110001 010 1031111101 1101101011.

110001 1101010013 3113 01101010101101111101011110 101100,
11 10101010101 1110110 11001011013113011011 11001110, 111010 mit
101 00110100111100101 1110000101 111010000111100101 111301 10311-
110013 verbunden 0111. 1011101301 10 100101 1103111101, 110 0110·
11111110 10111001010101 010101οο1 1111111, 110 1010111101013110111·
0111311, mit 1010110110 01011100001101111301101 110301, 110 30311-
00111301 1110011101, 110 11111010 11 101100 1111100111 0010101110
111101101100001111 101101100101 0100100110 11001011101013101110·
0000101, 01110100111 0100 111101111013 101 (1030101110 011 101111·
101101 0110 3030100111301010111113013 011 0110 011013101010110013
10100110101101111011111301. 110 1111001 101 0010011101 1011101
110 1110 8110111130 1101110 10111110100100 101001111001 1111131000·
01101 wieder 001, 111111οο1 1011. 103100 11110100, 10101010000100
1111011010 11011 001001001311111301 10100111013110 100111011111·
1100 111101 (1000110 11011 11 011101110101110100111111, 011 101-
1013110 0100 10111110031011001110,«111010 [011111111301110100
1010 81001001110 101 3030111111310 10011011001013 100101111101
0110111011. 11010110 1101101 1011113100 0100 110101001101310010101·
0010110030011010 101 110 11. ¹), 1111 0101 l8.⁴) Lebonsjahr 1011011
11030101100011301013, 1010 1001 110 1103101003 1110 1001101·
11013 311.

1000010100 Interesse 101110101111 1111301301 Bauium. ''⁰1-
0101110 1111 1010 103101003001111101110100100011111101010110·
110010 11001000131111 1111110, 101011003013 0010010101810110011-
1100 1011101, 1100 110 (103101 11 101113011011 011111111001101030- ·
1101101. 101 11 11101003000110110001111010110011 10111011110110
(10101110 101, 0110 10100101100001011110101, 100101110011101001001
(103101 10 1011111οη, 010 1011101011001111101100101001001011111·
01001; 110 303101100101 110011000301 1110103011, 10ήο1113011,
110111011οη1 1010111110 01110 1001110010110301101101, 100010 ie·
1001 110 1111011111 11011 111 0101 30110100. 1101110110110101
01110110 011110011111 113101010011111101101 000, 1100111111 30311-
1101101 0101100 1001010101 100 (10011100 10110111301001101010011·
110101 11111101300 011 11111100301, 0110110 110 311101011110

l) 1011101100301 B. 1111. 514-518.

11 1180101011, B. 100411.

3110110 1011111301, Β. 11, 1111.

4) 11. 8011011111, Β. 11, S. 455, 4573 1011111011 1011011011 S. 411, (181
00100. 1111110100 1001101· (1011011101) S. ⁴86; Dr. 1190110111, S. 483.

 

