278 11010101, 11111 1000011011ώο 11101011

101001001010, liogi 10111001 0010ηο101001001001000101000. 100
001000ος - 01011 1111110 1111110, 10101 010 10 00001003 1001001
1101 0100 00 1110 0110 10000 10110010οο0 001100 111010 10001010,
00110111010110011000100 -, 000101 hir 1110 graue Errare, 1010110
101 0101010111, und 0011010 11000 11000 8011110011111 0010001·
101101001101.

Der 1011110001 1010011οη - (1000 11. li ihr 001101 1100018111
101 1011 00 1010001, 0101000101 01101 010111101000100 00110,1000
11000 0011111 nicht 100 11000 0010) 1010100100110 0100 so 11010 - 1001
1010110101 00100- 0101111100010011100001011 11101 111101001Ιο1-
1000000, 1110110110, 001 001101 11001101000101 1110100100 gerim,
110 1001 101001 0100 010100, 0010100110 0011οΙ 100010111000110010ος
100 11001001, 10 011010010000110101 0101 101 011010 1001100101·
11010101 0010010 [00101-110110 10100001101100, 1100 01 101 gerim
geben 0101 01011 101001100οὲ 10111001 ganz etwas 0010100 011
widorlegung. 111000, 100 7”“ 100001 1790. —- 11101 001110 110101·
schrift 101101 0101001 11ος1010000οΙ

Uud 1100 1101 cardinal Migazzi 00111000 0001111110 1101011130ος
1101 Er 0111010110 100 0010110111010 801101100100 (110100 0111101· ,
genien 110101011000011011100 110110οε »Ηο01- 001 110111010ωο1
Ηο11 (11011 101 1010, Herr Grai 1 100 71·Ιι 11000 110001011001010010
00 810 0110000000 801101100 mih 1010 10100110110010000010030001-
101100. 110 1101100 0011011101 10 100 101011101008000110110011010
1010111010 01000 3000110000, 1110 100 ihrigo 101001101000010, 1000
010 11100101, 1110 810 0101, gagen 001000 0101111100, 101101 1011010
11001100 1010011011 101100100 110, 0101 00 11011 101900000 1010.
111000 hirii 1001001 Ρ11011 101010101111101, 001 10110100 110101
100 110110 eiirig 0010100, 1000 011011 0103010, 101010101101011010
101 10000011ος00 habe, 00110000111000 00110101110110010 101-
10110, 1101 00 01100000 001 10 0101 0011010010100, 11010 110 1110
00 seyr 10101 8001· 001 Wohigohohrn 1101101001100111011110001
christoph 1101110011. 11300011101100101. 11100 100 9““ ,110001 lm«

Ηο11 Grai 80001 0110110 001010110100, 0111011 00 10101000
0101100111111001101, 1000001 00 1001110111100, 0100 0101 110000
1101 011010100 00 110000. [11100010 010000 00101100 010 10011110·
11ορ1100100 1100111011110030001101100 1101 01 0101 100001010 1101
10100100 gui, dass 1110 »101 1111010010 00101 10000 0011011001οο
1100010100 100 1101010110 1010110100 010100001101103000

1110 10111011 800010 101 10 01011 010 01001 8101101100111111111.
8101001011 »1100111111101 800130101100 lirinis-lintri, 1111111001
001 1101101011 1100110010 00 110101 1110100011 10111111 1010, 0110110

 

