1111111, 911111111111111111111111111911 Ρ111111111111 11111111 379

111111111111111111101111111111 111111 1111 111111 1111111111
11111111111111 11111131111111 Angabe.

11111111 11111 einen noch 1111111 1111111811118111111191-
maseregeln 1111 811111111111111111111’1111111111111

1111113111 111 111 1111111111 6111111111111 1811 1111111111,
111811111111111 1111111111 81111111111111).

Die 1111111 1111311111111 3111111111111 11111111 111 Abge-
11111111 1111111111111111111 111 118111111111111131111111, 1111191111
11111111 nur im 1111111111, 11111 im Plenum zur Berathung und
Besehlussfassung ¹).

Der 1111111111 111 1111111111111111111111111111111 11 11111111
11111111111 1111111111 111 Antrag 11181111111111111111111111 111
111 (lem 011111111111111111111111111111311 111111113111 (1111111111
111 11111111111111111, 11111111 dagegen 111 1111111111 111 pro·
11118111111110111111111111111111, 8111111111 11111111 111 11111111
1111111 118 1. 6 11111. Verfassungsbeilage 1111111111 111111111
111 1111111111 1111111111 dem [11111111111111111111111111111·
11111111 11111 111111 1118111111111111113111111111 Zusicherung
1111111111 11111 (111111111111111 1111111 1111111111 111161) 111
Zustimmung zu 111111111.

111111111111 1111111111 1111111111 111111111111 1111111111
111 1111111111111111111111 11111111111111111111 11 1111111111111,

1) B. 6, S. 503 11., 511, 511.

2) 11111111113111 111 1111111111 181 11111111111 111 111113111111 1111811
1815146, 9. 1113111111, 111-18. 1111 11111111 18111 111 1113111111 111111
Wahmehmung und Goeetzosauffasuung 11 111 11111113 zusammen, 111 61111
1111111 111 111 1111111118,111 1111111111 111 1111111111111111111 1111181113.
Η111111 1113111111 1111111 111111 31111111 von 111111 und Biuigkeit 1181111-
wendungsregeln: mit 1111 1111111 (11111 man 111 1111811111111 11111111 -
1111 11111111111111 - 1111 nicht 1111111111; 11111111111 11111 111 1111111111
11111 11111111 1111111111 1113111111 werden. 11111111 (111111111811111111111-
3111111 und 1811 1131111111 8111111111 1111 (1111111111111111 11111 1. 6111
11. 11111811 iu 1111111111 (1111111111, 8111111 mit 111111111111111101111118111
Troadem 111 mit 1111111111 111 1111111111. 6111, 1111111111181111111·
3111811111 (111111 111 111111111111113 118 §.6 zu 111111111111111111111111
1111111811 man 111 111111111 111111111113111111. 111 1111111111, was von der
Regiorung 111111 311111111 111, 11111111111 11111111811111118111111111111-
haltung 111 9. 61111111111111 werden 111111, 81111111 111111111111111111
1111311811111 111111111111 111 11311111111 11811111.

3) Hiegegon 181 111 1111111111 in 5. 60 1111181 1111111118 - S. 121. 8. 0. -—
folgenden 3118111111 111111111111111 111111111111 111111 111311111111, 1111-
ohne 11811, mit 11111111 11111111111111 111111 3111111111, 11111113113811111- ·
handlnng 1111111111 11111111111111 811111 - 11 111111118111111 sollte, 1111181
ἕ. 6 11111111111111 11111111311111 111111111311111 1118111111 11111111111111.

25*

 

