340 061961, 2669616111611611 116686616613616.

1611616116 6616616116616 661 16611163 6611611166 16 166666, 166 161
86616 syrma 16161361 6161161 66 1116666. 06 66166 161136166666
6161 mit 61661 661661611ρί66 1111166161113663 161616166366161364
6611636666 (1616116166 1636113166, 6616311111 3611166 616116 161661,
616161616611161366161616 161661163, 616 6611166 166 611616111366
661611116666166 sorr 6616 166366 1111 116 16116 116111611 ihrer
11666636 6616166 und ohne sich 116366 1661616113616116616666 161
11666636 66 66166116366, 6161661 jed 6 Krrrntniss 6166111166 ⁴).

ξ. 11. 11161614) 1613166, 1166116161, 1611661, 1161166 661
(13. 140)06616116161, ist 6661 16 06616611661(0.-11. 351, 8111. 55)
»1610616111616 11161116166111131, 661 6611161 81611663 616 8661661361
61666611, 611166 61161116 1161161166 6166661161 6111611111 6661666366,
»6661616 nur 161631, 6616 1663616616 6666136616 16166161616166
6661611111, dass er⁴) 1116116 wisse, 1111661 61 1661 666 6616661
»6616116166 111616 etwas weiss, 6616661161 11611 611616616161116
»3666161161 16616166166 Rechts 1611663616666166136166306116661,
»6661616 61 163116636161611. Da aber das Zeugniss (1161161161
»16116161161116166 8661116111) 616 1166661161 16166166161, 66 16666 61
6661611161 161 366611116166 811616 (816111. 154) 161161166116, 11666

16 6611661 36111. 111666 1616661611663 16166166 6611161661 661 1616
1113611161616 1116666 66116111 16161666 61611 166166166 11161613166166, 616
161161661111166,6661616616111166131611161; 1616 1113611161 161 166 1116666
6611616, 116116 16116136 66116 1666161611 61611616 Rechts, 3666111611116161
6161 061116666611616611, 116161611 6666611611) 166 11616· 61611666611611666-
611616616, 1111. 6166 Ρ116616116611 6161 6166 66166 86161661611663 61161131 161.
11616 1161661116 11116 11116611161 36111661, 11666 616 Ant, 1611611 6161

, (1616111616, 661 611616 1166661116166 1616616116 6116661, 661 61611 161 161

111616 66 6611111611, 6161661 16 66366 1166611611161 1166616 66 666 16616616 Bs-
rufe.‹ (8661 11616166 3661611616 11666. Paris 1011 53 6. 11110, 811611853
I 319 rr. 1810 1 211 116161161361663 166 Ζ6631116666.) 1166 111116166816616-
111361, 61 1663 616616 816616 6161 Β61616 6636111166, 1661 6111111, 616 11616611
11116, 16166666111116166666, 116 6161 166 1663616666 66166116366111166,
616116 11111116116116161 6161166616616966. Eine 116161, 116 »161 11616 661
»116166 16 16166166 11661, 1616161666611661316 (161 1111616, 616 116 816616
116661. wie 11166166 66661 116 36161116166 61611611116166 Richter 16611611166, 61
166 1161εωί66616 166 1663611 6661 (116 16611116666111186616361611661666
6116616611

5) 11116, 16116113. 1895 N. 1180161. 19,16363661. 1111 106166161-
11161616116161 616116 61661 11111161661636, 1116 16116636, 1616161116166-
1116611 661 661616 116366 6611661361111611, 16166 16661661166311166611616161
»616661 661661 16361111366 116 (1616116116116611116116116116136631661361
»6661 161116161 6611636166 661 6166 661616 Frage 36166 6611611161 161 116166
’166 616116. Er 1666116161 6161 166 16166161166 66161113, 1666616661111611ς
6116116611 61666 61663661 161 1611613616 116 1661111611 661 11666 11636, 11611

 

