202 (111111, Germ 111 balbe Fer'ertaqe 11 breem.

geriebbee rem 2. October 1893 11111 11111111111111 111 1111111-
111111111 1181111111111 11218. 268 sq. .

11111111 111 1111111111 1111111111111111111111 bellende
1111111111 Liehtmeeee dureb 111 1111111111 111111111111111 111
111111 111 111 111111111111111111111 111111111 111111 11111 dieses
Tages 11111111111111111111111 11111111 111, (less dieser 111 1111
11111111111111111111 Beebehen 1111111111 111 1111111111111 111111-
111111111111111111111 11111111111 Ueberwiegen der 111111111111
31111111111 111111 01111 1111 111 111 111111-11111111111 unbe-
1111111 deren persbnlieber (111111111111111111111111111111111, 11111
11111111111111111111111111111111111. 111111111111 111 im Hin-
1111111 111 111 111 111 aibbeyeriseben Gebiebe 11111111 Breve ren
Paper Clemens xlv. rem 1111111 1772, 11111 11111 111 711111·
111111 vem 17. September 1772, 14. December 1772, 19. April
111 30. 01111111803 die 2111 11111 111111111111111111111111111-
tege, 11111111 1111 111 11111 »11111111111111111 1111111111. 111
111111 111 beer »11111111111111111 1111 11111111111111111111111
1111111111111111111111111 11111111111 1111111 11 11111111, so -
111111111 ee 111111111111111111111111, 1111 11111111111111111111111
111 1111111 meeber, 1111111 11111 »1111111111111111 in ibrem
Gewerbebetriebe nur 11111111111111 Η11111111111111111111111111
111 11111111111 111111111111111111 1111111, 11 dem, 111111111-
111111111 Η111111111111 111111111111111111111111111 1111 1111 1111
11111111111111 2111 11111111111111 11111111111.

bin Begriff 111 Η1111111111111111 11111111 1111111111111 Ver·
ordnungen, 1111111 111 2111 111 11111111111111 1111111111 11111111111,
1111 1111 dem 81111111 5. 1011 1111111 2 der (11111111111111 11
111111111111, 111111 1111 111 111 1111111111, 11111111 111111 1111-
11111 111 11111111. 111111111111111 1111111 111111111111111111
11111111111 1111, 1111 111 rest »Maria Liebbmeeee 111 1111111
11111111 111, 11 111111 11111111111111111111111111111111111511, Ubr
1111111111111 111111111111 111111. Sie 111111111 11111 ihre 111111
7111111111111 11111111, 111111 111 11111111111111111 1111 diesem
21111111 111 regen dringender 1111111111 11111111111111 11111
1111111111 1111111111 1111111111111111111 111 1111111111 111111111-
1111, 11111111 1111 1111 51], Uir, 1111 1111111111111111111111111,
111 ee bei 11111111 1111111111111111111111111111. Hiedureh
11111111 wohl 1111111111 1111111, 1111111111 erebi 1111111 111,
1111111111111 1111111111, dem 11111 »11111111111111111 11111-
11111111111111111111111111111111 1111 511, Uhr 11111 mehr be·
111111111 111111 111 1111111111111 11111 11111111111111111111

 

