631931, 1131133133 1131113931131113 3113111933 833133 1894195. 355

3331 113 1113333111 nerausgane 133 1113133 331 331 1113133133 131-
133133 werden, (11.-130. 168 331 515.

ρ) 191331 1895,11. 8., jur. W. 95 8. 392. nie 13113313-
131113111133111311113113331111131 3131 3331 dem 1133113 133 113
133 1111313333 1311311 1311131111 133Κ1313313313133133 113113-
311333.

q) 111311 1895, lll. S., jur. W. 95 8. 892. 1113311ιεί133)
1333 gegrnndet 131133 3313133, 1333 anch 331 2111111133 13311-
1333311313 3331133 11.-8111· Β. 1711, »3333 113 8113111131 3133 33133313
1311311333 gegen 113 333131 Ehe 3131313131133113111133,;
13 3111333 113111 anch 13313113133 331 11333313 13131311311311
133 8311331333

1) 15. Juni 1895, V. S, jun. W. 95 S. 400. 1131313Ρ1331··
grundstnck kann 1311333311 31311331 Κ1131331311313333333113333
1131133, 5. 647 Α. L. [1. ΙΙ 11.

11) 9. 1311 1895, 11. 8., 83113 xlx S. 11113412. 1131813313·
3131131 331113 13331331113111111333 1113313331331 Bezugn 31131
Emolumenta benenhtign, 3311113313 1131131 33133 1313311333)
durch 133 111311131131 (313313. 11. 2 V 1813 9. 2 Abs. 2) 33113113
Uenertrngung 131 3333313133 83313133 3311333 133 1113111311313
(11. 11 111 1883 Α. 1 Nn. 2) 33 31333 13133331; 131113131 111113
13 1111111311311 331 133 8113131133313933311113(1. 3 113, 1) 331
nat 1133 13131 3113 1111333333 (13111133 1311331333133.

3) 20. Sept. 1895, 11. 8., 13111. 95 S. 491. 11139313131311
133 3131133 ’11131333 131 Fran 1313133 1331311333 113 131 Zu-
31331 131 11331331311133 1111 13111133 313133 Benchimpfungnn 3131
11131331113831311333331331) 13131331333, (131. 311. 291 3. 279).

1) 218331. 1895, V. 8., jur. W. 95 8. 499. 1131311183·
nehmigung 131 1133131333 (313333. (133. 221311 1847 ξ. 48) kann
131 13131331131813333333333131313 313 (1133131131 hausen. Die
111111333133133113111333 gegen 113 8.·(11. kann 31311 831311311
werden, 11311 131 833131311333113113311331133 ,1311331 31331 13113113,

31311 3131 (333111311131) auch 133 1131331133 genelnnigt 131.
’(83111311131111133111 vgl. oben 3 331 (131331, 11331. 81311311. 13).

3) 23. Sept. 1895, 11. 8., jur. W. 95 S. 512. 933 Berusungs-
gericht 131 113 1313311311311 1331. 691 Α. 1. 11. 11 1 1331311 131-
33131, 11311 331131131313331 3331 1313 133113338133131311113333-
33131111383311113 11311313 331311131 13 31331133 131. [113 833113
33113131131131113333, 3311111311 8331333113113311313313113 133-
1113133 nan 1331133131133 331, 31 113 1113311311 131311131331 3131

31311.(Α131. 1. 11.-11. 73 8. 415).

 

