262 11111111, 1111111111111111111 11111111.

1111111111111111111111. 1111111111 1111111 111 1111111111 11111
11111 0111111111, 1111 1111111 11111111111111111111, mehr verlengt
werden.

01111111 11111111 111 111 immor 1111111 111 1111111 Ρ11111
1111111111 umdengreiehen Eingabe ron 33 0111111111111117.11111
1183 1111 11 ron 5711. 211 111 1111111111 11111111111111111111
01181111111111111111011111111 11111111 »Diese Verordnungen in
0111111111111 1111111111111111111, 1111 111 111 8111111111
1111111 11111 1111111

0111111111111111 111111 1111111 1111111 1111111111, 1111111
1111111 111 dem Volke einen »Underriehd« geben 11111111. Dae
11111111111111 1111111111 0111111111 11111111 1111111111 1183,
1111 111111111111111, 11 111111 Κ11111 111 1111111 0111111111111,
111111 1111111 0111111 1111111 »01 1111 111 11. Verordnung 1111111
011111111110111111111111), 11111111 11 111 1111111111 Wirknng 111-
111111 1111111, 11 ihren Gegenstend 111, 11111111 111111, dass jeder
Pfarrer 111 Seeleorger 1111 111 111 'Prenungen 1111 111 11111111-
111 11111111111 01111111111111 01111111111111111111111, 11111111
111111 1111111111 01111111011111 1111111111, insonuit 11 111 Sa·
11111111 111 Ehe 1111111, 11 1111111111111111111111111. 011
0111111111 111 111 11 111 ellgemeinen Κ11111 11111111111 1111-
111111111111 1111 11111111111111 111 1111 01111111111 1111111111
111 111 1111111111 111111111110111111111 11111 01111111111 Treuung
rernnnehmen.‹

01111 'rhet 11111111111 111 111111·.11111111. 11111 wenig. Die
Originele 111 111111111111111 1111111 1111111111 111 dem Keieer
0111111111111111, 111 11 11111111 111 11111111111111111 11111111-
rechten 11 1111 11111111. 0111 cardinal wurde andgedragen den
»011111111111111111111111 - Migezzi 111 111 1111 011111111 1111
nrn 1111 1111101111 1111111111, 11 11111111 8111111111 111 11111-
1111111111111111111111111111, 11 11 111 Giril-Wirkungen 111
1111111111111 ger 111111111111 1111. -- Die 111111111111111111111
11111011111111 1111 dem cardinal 11111 eufgelegt und 111111111, 11
11111 ihm der Widerrnf 111 1000 0111111 (1111111 0111111111
1111111111111111, 111 1111111111 Verbreehen begengen‚ 111 300
0111111) 1111111 enfgetregen werden. Und der Κ11111 1111111111
1111111111 111 20. September: 1011110111111111111 1011111111 1111
1111111111 Bedolgung 111111111111111111111111111 11111111 111111-
1111,111 11111111111111111111 6 11111111 111111111111111, eo·
111111101311111111 1111 Sperrung der Temporalien 111 111 111
(111 0111111111 111111111111 Summe nn bertrudem

 

