146 [111111111111. 18111111ρά11 11111. orden 111111 01119119. 11 11111111.

11111 1111111111, 1111 jones Verbot 111 81111111111111111111
1111111111 111 8111111131 1111111111 01111 111111111111111111-
111113111111 11111111 stelle undgegentiber 111 ungenfigenden 1111
111 Ρ1111111 111 111 1111311111 8111111111 1111111111, 1111 111111-
1111111111111. 111111111112 111 1111111111, 11111 11111111 11 ge·
111111; 1111 1111 11 111 1111111111 1111111111 (11111111 1111111
111 81111111 11111 11111111111111.

ht 1111111.

1111 1111111 3 111 11111111111 (111111111111111, 1111111 1111
111111111111111 1118111111111111 1111111111, 111 1. 0111111 1874
11 1111 (1111111111111111 11111111111 01111 111 (11111111111111
11111111111111111111111111 1111311111, 1111111 111111 111 111-
1111111311111111111111111111 1111111111 werde. 111111 Bestimmung
111, 11111111 1111113111111111111111111 111 11111111111111
(1. 1. 1111 1111111 5 111 (111111111111 23. April 1875 111 11 dem
Normaltage 111 1. October 111411111111111) 01111 111 congrega·
111111 11 (111 11111111 11111, 111 11111111 811111111111 11111111,
1111 1111111111 111111111111111101111 111111 11111111111111111
01111111111 111, 1111111 11 111111 111111111111111 111111111111111
111 (1111111111111111 11111111111111111111111 Niederlassungen 11111
1111111111 werden kann. 111111 811111111111 11111 1111111111111111-
11111 111 1111111111111111111111111101111, 11111 11111111111111
11111111111111111111111111, 111111111111 1111111111. 111111 2 111
113111111111111 11111111 1111 11111113111111111 1111111111 1111111.

1111 111111 8111 11111111 1111 11111 1111111, 11111111111111·
111 11111 1111111111 11111 111111111111111111111111111 11111111 111
1111111111 111111111111111111111111 1111111111 111111111111 1111111
11111, eino sichero gesotzlicho (11111111111111.

Ζ1 11111111 4.
111 111 11111111 4 (111 (11111111 111 1111111 111 111111111111111·
tags 11111111111 1111111111111111 111 1111111111111111111111111
111111111111111111111111 nur von (11111111111111111111, so 11·
111111 11 1111 11111111111111111111111 gelmon, 111111 8111111·
11111311 111111111111 111 11111111 1111111111 1111111111111 1111111-
111111311 111111111111 1111 11111111111111111111.

4. Rode 1111 Η111111. Herm Bisohoss Dr. Paulus Leop. Haffner von
11111111 111 1111111119 des (111-1111111. 11111 die reliq. Orden in 1111
I. Η111. Kammer am 27. Mai 1895.

111181. 1111111111111111 11111111111111111 11111111 1111
111, 1111111 (111111. Regionum, 1111111 11111111111111111111111 111

 

