Zur 111111111111119 1191111111 8111ίεὺ11911· 111 0111111ιί11. 463

171111111111 11111111Η1111111111 1111111111, 111 (11111 1111111111
11111111 11111111 1111111111111 1111111111 111 11111111111111111111-
11111111111 11111111111111111111 011111111111 111 1111 11111-
11111111 l. October 1895 angerangen im 111111 1111. 59111111·
1111-111111111 XXXIII vom 11111 18114 111 1111111111 1111111111
Justiaminister 111 31111111111111. ’

111111 111 11 111111 1111111 111111111111111111111111111111
111 1111111. 1111111111 Minister 111 Cultus und 1111111111111111111111.

Der Aufgebotsohein 111111111 111 1111111111 11111111111111

Zeugniss 111111111111111111, 11111111111 11111111111111111111 11 ·

111 111 Ρ11111 11111 111 (11111 111 1111111111111111111 1111111111
11111111111111111, 1111. 1111111111111 11111111 vom 111111111111111-
111111 11111 1111111111 11311111111111111111111111 111 11111111111111
111111 1111111111 1111111111.

[111111111111111111111111 111111 111 111111 111111 11111-
11111111 11111111 1111111111111111111 1111 111111111111111.

Was 1111 1111111111 113111111111111111, 1111. 111 11111111-
1111111 1111111131, 11 1111 11111111, 111111111111111, 111111111111-
11111 81111111111111 11111111 111 1111111 1111111111111101111
111 11111111111111ς 111111111111 Β111111 1111 1111 11111111 will,

11111 111 gemnae 1. 111111 1111111111 1111111 vom 11111 1111 ’
1111 11111111111111111 Ungarn, 1111111111 (111111311111111 111
111111 1111111111 1111111111, 1111111111 1111111111.

111111 Bestimmung 11111 1111111111 [11111111111 11 111111
11111111 111111111111111111, 11111, 11 11 1111 111 111111111,
1111 111111, 11111. 1111111 111 111111111111111111111111111111111.

111111111131111 kann jeder 111111111111111111111111111111,

11111111111 1111 11111, 1111111111, 1111111111· 1111 (1111111111
111 Ρ11111 competent 111, 111 11111111 111111111111.

Wenn 111 1111111111 8111111111 11 [111111 11111 11111
111111, 1111111111· 1111 (1111111111111,111611111111111111111111
1111 1111111111 111 111 111 1111 1111111111111111111111111111111
111111111111 werden 11111111 1111111 111Ρ11111 111111 1111111111
111 1113111111 11 1111111111111111111111111111, iuuere 81111, 11
wanden.

Derjenige ungariwho 1111111111111111, 11111111111111111111-
1111111 111111111111, 111111 1111 111111111111111111 111. welche
Documento 1111111111111111111(1111111 1111111111 1111, 1111 111
1111111 1111111111 111 111111 111111111111111111.

[1111111111111111111 11111111111111111111111111111. Mani·
1111111111111111111 111111 11 1111111111.

 

