Arbeitmhc (1. 110111. 10111 der 81011· 1. 1101011191 111 8130101. 49

1011101101- 111 1011110101111011) 1111101 1111111111111011-11
10111011οῐ01 Tagen 111 1111011 111 1011111131311 1111311101-
1101010130111110111 1101101.

11011 1011131101 101 11101111111100 111111111110111301
1111010110 1111113 1001111, welche 1111113οη Βο111111111301 (Ab-
1111 1-3) 11111111, 1111011110 auch 101101 durch ortspolizeiliehe
1111011111 11111011 01111101 werden.

[11011111111311110110111-3111 1111111111οΜ), 111 11011-
]131011) 111111011111101 101110130111301 118111111 1001111301

111 10111101. ἓ 4

1111101101 1011101 111 8110101, 1111110110 Ζ1011111011111101111
1101111101101 11111111101111111111111101, 111110110 111101111111301
11 10111110 111Κ110101 an 8111- 111 1100111301 1111011101111·
111 11011111131301 ⁴) 11111301101110111011111 1110101311).

0l) 11101 111 1011111113 vom 13. 1011111 1841 auch 1110101110111101
1. 1 . S. 241, 111. 4.

2) 110130111110 1011111113 113111 Nr. 12: 1111 10113113 101 1111·

” 11111110 111 110111131 111, wie 1111101 11111111, 1101 1011110111 10010101101
1111111130111 1011111101.

3) 1101111131 111 nicht 310111101011011 11111111111-1101110111131, 111-
1011 111 (1031111110 111 0111101 1131, 111 11010101 101113011111 wilde mit·
10101 1101101 111111111, 11110101 1111111011 oder 111011010 u. 131. 1111110111,
110 Art (101 1131111113, 101 10101101 111 11111101 11111011 111 1111101111-
3011101111 111 101 11 011101 Liuio 111301101111181111111 113011101οη 11111,
1111 1111 00 110101 111111 31101010 odor 3011130το 1111111 111 81111101 111
11011011, 111 101 3111010101 1101301113010111111, 101010110110111010110·
1111 111111011101 111 111110011111111111111,1111111111οη hatte. 1101301111-
3010111010 (hund, 11010101 11 1011 10111011 100 1111111110 111 1101111311111
8111- 111 1010111301 3011111 111, 1011011011031111011 durch 11011011113111
((0111ωο1101 3110101 Lam 111 der 111110110110130111111181111131018111-
ungerem, 1011011 11111011 11111 zu unchen, 1100 . . . 11101 110 ’1111113101 11011
111101111- 11111111111113130 1111101101101100111110111131, 101 naueh 101
111111111001 1130301 3οΐ111111, 111 01 101 8011113 101 110111301111110113111
1111101111, 1111011 1111, 11 110 11011113101 11111111111118011-11110101-
11301 1011 (1111101111110 3111111010 2011 10101, 110 11011111 1101101 1011101-
daton 1101 101111110111311 1111101 dem 11110111- 1118011110011101111301
1111101. 1111110111οο 010111110131111111 11110101111118. October 1888 in 101
111111111111301 B. 5, S. 182. 131. 011001010111011111110010 11111111131101
110 101101 111 1111113101 11 8111111301 111 1101111311 111 1109011111-
scheidungen B. 1, 8. 8421 Β. 1, 8. 4511. 131. Gy. 1111111 1111101100111110101
1001111113 1811, S. 16.

4) 111011111131301101101110111 1011111 dio (111110110111. Struma, 111·
0111113011111111113, Β. 28, 8. 848.

Archiv 111· 1111101101111. mv. 4

 

