382 611311, 0111111111111111111111111311 1111111111 111 uanam

31111111 1111 1111111111 werden, wie 11111 11111111111 5911111111,
11111 111111 1111111316111 1111111131111311 dem im ,111111 1879 11-
111111111 11111111 1111111113131111111111111111111111111111111111 11111-
11111111311111111111 worden 111111.

[1111111111111111111111 111111111313111111111111111111, wie 11
so 1111111 anderen Ρ111111, 1111 11 111111311111 Frage 111 An-
11111113111111111111111111111111111111 111 1111111 11111 1111-
111111311 11111111 111 1111111111111113 111 11111181111111111-
1111113111111111111 1111111111 1816, 113111111111111111 111 81111113-
1111111 11111111131111 111111111111113, 11111 1111111111111 wahl
111 6111111111111111111111 3111111111 1111111111111. 1111811111-

. 113111113 111111 1111 11 111 611111111111111 fiber 111 111-

11111113 11111 1111111113131111111111111, 11111 1111 1111111111866
11111111 11 11111111111111111111111113 11 111 11111113 3111131111,
11111111 [11111111111111111111111131111 11111111131111311, auch
die 81111113111111 111311 1111111113 111 1111111113111111111111111111
111 (11111111111111111 111 1111111 111111, 11111. (1111131111 111611111-
111111111111111111) 11113111111111; 111111 111111111111 1111 111111
811111113111113 111 11111 1878 1113113111 61111111111111 1131-
sehon von 1111 8111113111111 fiber 11131111 1111111111111113 auch
1111 111111111111 [111111111111111 111 111111111111111111 1111131111
111 Wahl 111 (111111111111111111111 - ἐξ. 5-11 11111. 1111111-
111311111131-1111 11111111111313111111111111 111 111111111111111111

.-..-----

1) 1111111111311 111 1111111111 111 1131111111111866168 811113111111111
111. l: Zur 111111111111111111 1111111111131111111111111111Ρ1111111111113·
111111 aus 1111 (1111111111 111111111111 Rechts 11111 111 1111111113131111111·
1111111111111. Nr. 2. [1111111111111 111 (11111111111111111111111 111 11111111-
1131611 111111111111111113. - 11111111 111111 11111111 1111 111 111111 ’1111111111
111 81111111131111111. 5-11 1111111 11111111 111 jone der 11. 11-11111
11. 111111111311111131. 111111111111311111111111111 111111 111111113111 11111111
111111111 111111111111 1111111111131 1111111111 1111111118111111111111111111111
111 111111 111 11111111- 111 81111113111311111111111111111111111111111111111.
Die ’1111111131111 111 311111111181111111111111111111111111111 an 111 Ver·
111111313111111111111111131111. Von 111 1111111111 [111111111111 111 Ab·
1111111111, 1111111111 111 1111111111111311111131 1111111111 warde 111 1111-
3111111111111111113 »11113111111111111111111131 31111111, weil 111111131 81111113-
1111111111 11111 111111 111 11111111 »1111 3111111111 131111 1111111 auch bei
111111111111111111,1“1111111111111111. 1131111 1111111. 11131. 111111 Ver·
1111111311 111 1111111111 111 1131111111111866169 811113111111 5, S. 481;
11111111111311111. 1861168 111131111113, S. 1114, S. 186, 196, 1911 111
8111111111 11111111, S. 169; 8111131111111111 81111111 Β. 2, S. 1111111111-
langen 111. 1817118 Β111131111111 8, 8. 1,119; 1111111111311 111 1111111111 111
1111111111 1818, Β11113111111 18395111.

 

