190 001301, Franz. 0100001100100.

»111130110010101010 1010110001οω, 1010 001011001101100100, 1001 (1.)
»8100ωο0000, dem 7011000100 100 111001100010001010110 001
0010001, vom (131. Art. 4) 0111011100 10 1010101000100 1111311010 100
»801101000010000010 3. 010 1011000100 1030000101εο 0101310113-
»101100 00110010 10100 1100000 01110000101300311)101103101003
»durch 110 101101101000010100 0030000000, 001101101010101100-
0310101110 7000011003 ¹¹) 110000 001 100 001101101101100100101-
0103000 zu. Im 00110 101 ¹¹) Aufliisunq 11111100 00000300 00110

1013000111100, 00100 0010130 0130000 11001100 0101110 Αο1110300100001110100

0101 011001010101000 11010100 100. einer 81111003, 1001011010110100101100. ¹

100010100 110 0001101001οο 10 00110010οι00 1011110111οι 1001101111 0101 »aus-
niem«. 1010100 0011100113 1010003000111, 1000 110 11113110101101 (1110110100)
1001011 0001301000 110 Ηαο000000001100003 00110110113 111100.

10) 1110 83110100000100000010011001000100 01000100 Art. 1 100 00001100
vom 10 0001 V 011 100 1114100 0011010 vom 12. 1030011807) 0101 eine
»000000100111010 1100010000101000 (801010301011 11. 80001, 101101 1885,
1101. 1. 11.-11. 17 8. 101) 10111111 110 1011000010 11011111031011001111003
(1001101, 1000100, 101000 10 11001010οω10 001 0100101011130 0111001130 811110-
1018110 11110 3010100 0100 0. l A. 5 110 1100101110100 8010100 001 (80111101,
8100100-,1101000·, 1010011100101100) 0103011οι01 00100001101 0011001100
101100, 010110101 0100 0130000 110111010011101 301111010 1000100100. 001100
101001 0011011300 2010101100 101100 0101 1101100000001030101000101011
11010100 0101001110100 1010011003010110 111 100101010030100000001100101
0101300 1000000 110 10 0101011111οο 3011010000 8001101003οη 0111101011 00-
11101011101, 0001010 110100 10101 1100000 1111000100 8100100101100010010·
11011131 werden. 000 001013001000010 101 110 0010011003 10101 110 0010000-
0001100(8001110010), 110 1100 Art 18 100 11011010 vom 18 Febr. 1800 00
0000101 1010000100110001010 (0100 1. 11 B, 0003163011000 1000001101οο) 101·
1031 Du 10100300 101 10101 0011011000 1111100111 wieder 1030100000εο
011101 101 0111011. 8010100 (Schmun 11 61, 08, 1101100 188011155 001
1888 11181 01111 10101 100 0000011 1100100101 00111000 1011101101 (011.
28 0011. 1810 Δ. 2, 000010010100011000 1 N. 507), 00101001 im 110101010οἁ0
101 1010. 0101001011011 0110011010 (000. 80 11111 fi. 28, 001011. 18001
0. ΠΙ 1 0). 00101110003000 Ι10101030110118ΧΙ 1805, jur. 0001000011. 1.
1000-0. 18018. 014.

11) G. 14-78 101 100 011000301 0101 11010011 die (0100 fl. 1 Δ. 4
0015) 1011010110οο0 8111100300 10100 001 0001 1011001003 110 0010011111οπ
111030001000010130 1001011000 (11000. hiim-Cito. 17. 1011 1825 211118, D. I
300, 801103ρο11 11 105, 1001001 1. 0000. 1. 11011. 11. 1882 p. 085, 1888 p. 240),
0101010 110 (01001111003101100111100300 (0011. 18. Febr. 1800 A. 14, heus
1000 0110301080 001 01100011. 0110. 10130 11282, 131 1111011, 1010101
1031100 p. 2011110401 110 8011010010001010 (001001. 14, 0100 A. 10) 0011100
0010130 A. 10 100 001110110101800 1001 1110101011οω 1110 1011001001ου03
0101010100, 111820.

12) Die 1011000003 0110131 00100101 1101011113 0101 10101 201001001ωο
1101 810010010101113003, 11000. 000 24. 1101 1825, G. 1110-052. 1110 10110003
110010 0010130 bens 1000011030 1000 001 817 10 0013100 00100 100 810010-

 

