150 Kirceenporir. 81111119 der 11111. 01111 1111 0111911111 1111111.

111111 11111111 1111111 1119111111 Erfolg. 11111111 der zrgringe
1111111111 81111 der 811111111111111 111111 111 1111111111- 111
111111 4011170 gestiegen. Waruru 111111 (111 1113111111 nieht
11111111 werden? Wenn dieses 11111 11111111 11111, 11 1111111
111 Zhghnge 111111111111111111 werden 11111111 1111111111 zu
1111111 gehen, 111Ι 1111111111 111 hest fallen 1111 111 (1111111111
hillen. 1111111111 8111111113 (1111111111 Mihglieder 111111
81111111 1874 1111 euch 1111111 1111111111, 1111 1111101111 der
Kranhenphege 1111 111111 111 11111 11111 111. 3 des 81111111
1111111, Beeehrenhungen 111111111111111.

Dese die 111111 der ewigen 11111111111111811111111874
1111111111111111 111111, 1111111111111 11111111111111111. 111111
01111 11111 111 der Welh ger 111111 1111111113. 81111111 111
11111 Prirehrermhgen, arheihen serame 111111111111111 gleieh
den restauror, welche 11 111 (111111111111111111111111111. 1111
111 111 1111111111 1111111111 shihleu Demenhreie zu 11111

Die englischen 11111111 werden 11111111 1111111111 Be·
schrenkungen 1111111111. 1111111111 111 1875 3111111111 11111111
111111111111111111111111111111, 111 111 1111111111 111 Staures
1111871 1111111113 111. Die gestrenge Ρο1111 11111 (11111 Be·
shimmungen meist 1111 111 111 111111111111111 1111 Η111-
1111111111111, 111 ganz ungesehzlieh 111. 1111 1111111111 111 11
111111111111111 811111111111111 111 11111111, solunge 111 111-
1111111 im Η111 111. 11111 diere 111111 gegen 111111111111
1111111

1111111111 1111 11 1111111111 Unherdrhehung 111111111-
1111111, 11311111 11111111 1111111111 1181111111111111111111.
111111811111111113111111111(11111 111 brebe, 111 der ihre Zeg-
linge 11111111 werden. 11111 1111000 1111111111 1111111 111
1111811111111111111111113111 1111111111 111 11111 Brr'rder,
111111 mogon, 1111111.

Se. [11111111 111 111811111111111 111 1111111113 dieses
11111111111111 8111111 1131111111, 11 1111111 1111111111
1111111111111111311111. 11111111111111111111111, 1111111
111 01111 111 11111111111111111 1111111111 111 111 1111111111
8111111 die 0111111111111111 11111111111111, 1111 6011 (1111111,
111 11111 1111111111, 1111111111, 111 111111111111111 11111

werdere 811 sind 1111 11111111 gezogen und 11111 1111 111 1111111111
8111111111 1111111111. 1111111111 8111111111111111111 111111,
1. Β. die 1111111111111111. 1111111111, 11111111181111111111

11111111 (111 113111 1111111111101111, 111 111 durch die

 

