364 1911911, 9111111111111111111111111911 permen 111 81111111.

[111 hier dargestente Gosetzosauffassung (11111111 111111 rand
11 1111111111 18891848, 1844 und 1841 1111 1111111111 1111 ond·
giltigo Formulirung, (11 1111 (1111111 1111111111111111111111111 111-
1111111111 111131111111111111111111111 und durch (111 1111111111,1 (111
111111 11. 8111111111 11111 1111111111 1111111 111111111111 1111-
111. 8111111111 11111 1888 (11111111111111131Ρ111111111111 1113111111
811111 111 1111111111 villingen 1111111111111111111111111, 1111-
1111 111 11111 durch Ertheilung (111 111111111111 11113111111111-
1111111 1111111111 8111111 11111111111 worden 1111. 111111 1111111 111-
11111111111111 1111111111 die 111111111111111 111111111111111 111
4. 111111 1889 8111111 11 (1111111. 1111111111111111111111 - 1111·
11111 (1111111 1111 (1111111111 11111113 1111 111111111- 111811111181-
logenheiten fibertragen war ¹) - und 111111111111111111111111181
111111, 1111

1) (111 1111111111 1111111111 (111 1111311 11 (111 1111111111
1111111 111111111111111111 11111111111111, 11111111

2) (111 1111111111 11111111111111 111 1111111 1118111111·
1111111 (111111 (111 1111111 111 11111111 (111111111111111111111111-
1111111111111 1111 (111 1111111111 111 11111111 1111111111 Rides
angehalten')‚ 1111111

8) gagen 111 (1111111111, 11111111 (111 81111111 (11111111111111
1111111 1111111111111, mit 8111111 11111111111111 werdo.

8111111111 811111111111111111 1111111 durch 11111111111111-

1111111111 vom 8. April 1839 1111111111111111111111111111111111.
81111 111111 111 111111842 1111 (111 11111111111111111111
81111111 [1111111 111 011111111, 111 11111111 111111111111111111,

1111111911, 1111111111111111111113 Β. 8, 8. 88, 85, 88. 8111111111 1111111111
(1111111111111111111, (1111 111 Convertit 111111111οά1 11111111 dom neuge-
11111111 8111111 11311111, 1111 (1111111 1111111111 (1111 111111111 1111 geist·
111118111111 111111111 (1111111111111 nufgenommen 11 sein. 1111111111111
111 ’1111111111 11 11111 communion, 111118111111111111.1. w. 111 1111111
1111111111 81111111111, ja 111111 111 111111 11111111311111111111111111111113
11111111, (111 11111111 111 11111111111111111111(111111111111111111111111111ηηί
gegrflndotan 1111111113 11111111 111 111111111111 111 1111111111111111111,
1111111111. 1. 11. 1111111111. ¹

1) 8111111111111113111111, 1847, 111. 9, 8187 sq.

2) 1111111111 8111111111 11111. 1111111111 11. schem, 1111111111 111
Κ1111111111111. Gru und Leipzig 1891, 2. 81,, 1. 1111111111, 8. 81, 111. IV
1111 1111. 9, S. 82, 111. 11 Franz Heiner, 111111111111 1111111111111, Pudet·
born 18918. 1, 8. 1811 J. Fr. 81711111111111111 (111 111111 1111111111111,
(1111111 1878, 8. 422, 4·28; 1¹¹. 1111111111 11111111111111, Freiburg 1888, Β. 5,

 

