(161661, 1661661166161. 1166166666. ’ 163

wieder 16666161 666166 1666166, 1616166166 erg 1111166666 11166166-
manpel 6166161166, 166666 kenne noch dienstteugliehe 361611161616
6661666666 26161, als 1161666 661) 6666111666 1.1. die 6666 816616 616161
6666161661 1661116166 3616661111666616666616661 66 66616666, auch
16616616 36611666 166 0611661166666616666661) 166 11661111. 86166166161

nn 6666116166 6. s. n.! [16 aber 16166 666661616616 (1661161 116116 -

16616161, 66 konnen, 16616, 61166 1666666166 66616161611661666616611·
neignng, 1661661166111616 06616666, 616 (6161 16 86166, 6661116116
death. 111166666666616 sehon nenige Jahre, 6661616666 116 366166166166
vorausgegnngen sind, ndthig werden, 611611166616661616166661166
Zahl 666 816666666616116666, 616 66616616611661666 861162).

Der 6661. 361661 116 0616111616 661 3666166666 116101 61616 616
61611116666,616166166116.; mdeste 66161666 666 8166166111θί6 ge·
16611 werden, 66 116666 1161661 116 16116. 816666661166 661661616166
66 1666. 1166 6161 161161166166 Seite 16666 dem 6666 01661666.
6116611666 gennner 6661666616 66 6616166166 16661666166616166661 eine
Senniengkeir 16661161 6661666 16666116 6616661 je die 3611611166
6166666 nenig, 616 (fl. 9) die Israeliten, 616111 66 6161666616 1166616166
36616666 66116166, 666 166 6166116166 2666666611616661666 116 816-
116666616666 0616666616 66 66661666 6166 616161. 31666611661116

11616 116661. 816116661111, 1950 ,Α 116 (16616611611-116661666616, 670 ,Α 116 166
166116. (161166166166 (Ggl. 383, 433 6. 152) 6. 6. 6., n dagegen bei den 116116-
didere, 16616166 616 lange 6616161 166 3166116616 166 evang. Berdlkerung 666·
66661666, 6161661666 101000 Ab einsehldesig 6) 166 3661666166666, 66116
(16616. f. K.·R. 71 S. 443) in der 1616616166 zen 61666606166161616666 66166-
616111 6161, b) 166 Peterepfennigr (3166661). nne-nl. 82 p. 49 166 1116666
36,877 nr.. 1887 6. 289 regen 166 ,1611116666 6666616666166 1166 100000 rr..
6. 86 p. 84), 6) 166666 hyon 666 6616116166 6666666 1616 6666666166 16
16 361 (83 p. 56166 316666 263310 36, 86 p. 50 666 151218 36.. 87 6. 205,
16661666 161166 16666 1000 A. 116 166 deutschen 1161166666166, 16616. 1. 3.·11.
71 S. 324), d) des Werlres 166 1111611611 christi (666136661661616 6312136
im 3166666, 82 6. 30 6. 272, 88 6. 51 roger 73573 36, vgl. 87 p. 264), 6) 116
116 01616166 166 Orien! (83 p. 56166 316666 15,75036.),1) vincerer 6. Paule
1163666166· 6661 1666661636 (1883 im 316666 38877 nr„ rgl. 85 6. 218, 80
6. 363 666 2205 36), g) 366666 6. 86166 gegen geh. 861166 6. e. 6. 85 6. 31,
80 p. 52 und 87 6. 35, h) 11661 3666666666 666 7661661666 1611661. Schriften
(84 p. 22, 85 p. 31, 86 p. 52, 87 p. 307), 1) Sc. 11661661 666 Underbringung
66666716166616 3666111666 (85 6. 281, 86 6. 190 6. 87 p. 241), 1) erige An·
16166669 (816320), 1) 1616616111. 36661116 (82 6. 237, 81 p. 13 6. 310, 85 p. 31),
6611166616 6611166 366166166166 pemedneamer Kirehen (84 6. 317, 86 p. 311),
6) 3661666161666166 666666 316166 85 p. 33 n. 6. w.

3) Ggl. 16666. 81.-Κ.-11. 128 6. 2676 666 im 6166661. 361. 61616166 wir-k·
66666 Ueberneehung 166 1611161666 31661666666661166666 6611161.

 

