11111, &ommam 1 111111111191. 11 1111111111 111111. 287

11111111 11111111111111· 1111111111, 111 1111111 111 11111111111111111111131,
dass 111 1131111111 111 1111111 111111 11111131.
11 111111111111111113 111111111111111111113111111111 11111111 ¹) 111111

1)1)11 111113111111 31311 111 11. 111111111. 1111 111 111 811111111-
1111111 11113111111 8111111113111 17.1111111895 11 1111111111111111113
111 1111311 1111 111 1111111311 1111111111113 11311 1111311111 31311
811.·(1.-Β. 116. 11111111 111 11111 (11131111111) 11111111 (111 8111111111
1111 im 1111111111111111111111111111113 1111111111 11111, 1111 (111 1111111
11311113111 11 1111111 11111131 ’Dio 11111111 11111111111111111 »1111-
111113111111111111 1113111 111 111 11111111111111 111 1131111111 1111111111
1111111111111 111 111 Ζ131111131111111111111111111 11111111111311111111-
11111111111 111 111111. Glaubemlehre 111,11(1111111 1111111111113111 111
111111311111111111 11111111 vom 211111 1883 (Archiv 18, S. 73; 1111111 d.
11111195) 111 1111311113 311131111111, (1111 11111 111 1111 1111111111
11111, 1111111 (111 111111 111111 111 11111131111311111111111111111,11111-
1111111111111311311111111111 111111 1111113113 111 111111111111 11311111
(111 3111111111113 (111 11311113111 (111Β1111111113. Dem 111111111111111111
111 11131111 111111111111 ’1111111 - - 11111 1111111113 1111111 1111111111111
11111111111113 1111111 111111111111111111111(1111111111 111111 (111 1131·
111311 111 8111 1111 »Sia (die 11111111) 111111 1111 111111, (11111 1111111111,
adederit-acham (11111111111131111 111 111 1111111111 81111111 111 1131
111311 111 1111111111 111111 111 1111 1111111111111 113111111 113111111111
11111111 111 11111111113 111111111111111111 11111111111, 111111 111111
Β1113 111 11111111111111111 3111111111 Β11111113 111 0111111111 111
1111111113 111 1111111111 11 111 1111111111111111111111111111, (111 Parim
811111111111, 111 Ρ1111111111111311 11131111 111111 (1111111311111311 111113
111 »zum 31111 ’11111 111 11111 (111 ,111111111 1111111111 1111111111 1111111-
3111111 1111111113 111 11111111111111113 (111 011111 1111111113 31111111,
1111111111111311113111 »Pius IX. 11111 111 111 8111111111854111 1113111
(11111111111111 111111131111111 1871 111 11111111111 1113111 (11111111-
111111 11111111111111 1111 1111113111111 1111111, - -111111111111111111131,
1131 111 Professor 11131111 11 11111, (111111, 1111 11 11111111111, 113111 Dio
31111111111111111111111111 111 anserem (111111 1111111; 81111111 111111111-
11111, Ρ11111111111111 111 ,111111111111 1111111311 111 111 (111 11111311111;
11111111 Rom 311111111111111, was wir 11111311311111111111111.« - -

1111(1111111111111Β111111111113 (111 111111111111 1111111 111 111·
1113111 11111111. 111 111 1111 111 (111 11311113111 1111 dem 2111111111·
1111111113111111111111131 111111111181111111113 111 (111 Κ11111 11111
1111111111111111 111 11111111111 willon 3111111111, 11111111113 111 11 111
1111111111, 111 311111111111, (1111111111111111111131111111 8011111311 111113
11111111,111 111 111 111111 111 11111 11111111111 11111111111111. 1111 1111
11111111111111 1111111111111111 Rode 11111111, 11111 11111111 1111111111
1111111 Β1113111111 111 11111 11111111 11111111111 (111111 und 1111111111 1111
11111111111111, 111111111111111111 111 11311111 111 diesem 111111111111 1111111
1113111111111Β1111ρ111311. 111111 1111 11111131111111 1111131111, 111111
111111, 111111 1111111 111111111111 (1111111111 11111131 11111113111111811111
11111131111 111111111111111 1111111111 111 1131111111 1111111 31111111 111-
111 11111. 11111131111111111 aber der 1111111113 111 111111111111111113111

 

 

