78 311111,111111111111111.11111131111 11181111·11.31111111111 311111.

Die 311111111111 111 55. 13411113111 finden 111 111111-
1111111111111111 11 311111111111, 311111111111 1111 anderen
31111111, 1111111111, sewis in 11111113111111111, 1111111111-
111111111 3111111 111 (111111, welche 11111 11111111111111111
1111 11 1111111111 [1111111 1111111111 werden, 1111111111111 11-
11111111. 1111111,11111 1111111111111111111 oder 11 11111111
311111111111111111, 11111111111111 1111111 Verwsltnngsbehdrde
11111111.

311 311111111111 111 55. 135 bis 139111111111111111111
geber und 11111111 ranvenstetten, 11 11111111 durch elementato
111111 (31111, wind, 1111111,(111,1111, 311111111111 1. 111.) be·
1111111111111111 nieht 1111 nordbergehend 1111111111111111-
1111, 1111111 1111111111 1111111111111 1111111111, 1111111311111-
1111 111 gesisse 11111 111 31111111111111111111 111 in55. 135
111111 2 111 3, 136, 1371111111 1113111 133111111111111
311111111111 1111111111 1111.

111 andere 111111111111, sewie 111 311111 konnen durch
31111111111111111111111113111111111 111 3111111111 111 31·
1111111111 111 55. 135 bis 139b 1111 111111111111111111111111
werden. 311113111111 11111111 111 111111111111111111111111111111
111111 demidio 11111111 Ρ1111111 1111113111111111 11111 disse 31-
1111111111 11111.

311 Keiserlichen Verordnungen‚ 11111 111 111111111111111·
1111111111311111111111 111111 surh 111 1111111111 311111111-
111111 werden. 3111111111111111 311111-31111111111 ru resedent·
111111111 dem 3111111111 1111111111 11111111 311111111111111
31111111111111 1111111111.

1. 111.

311 311111111111 111 1115111113, 135111 1391, 112
111 153 finden 111111 3111111111111111111 1111 3111111111, 31-
11111, 111111111111111111111111111111111111 1111111111 3111111
111 311111 1111111111111 1111111111.

111111111111 11111111 11111111 111 111111111111111111111111

11111 ’111111111111111 werden. 1111111111111111111111111111 der “
311311111111111 5. 146.

1. 111.

Wo 11 diesem (1111111 111 111111111111 1111111111 111, 1111
11111 111 11111111 surh die 1111111111- eder gesetzmdssig sr-
lssssnen Verordnnngen 1111111111.

Welehe Behdrden in jedem 311111111111 under 111 3111111-

 

