110010ηο0111. 1101. 100001. vest-11. 0. 30. 11001802 010 26. Jcm. 1891. 181

0000011011ἓὲ)001100000010. (Vorgl. 1101. 110. 3091 101110100111.
0000 . 8 .

5. nrt. 0000 18. 100000 1898 X. 108 (800100. XVII. 110. 7007).

010 Ηο001011003 01000 100000100 80ςο0ςο 000 1110010 001 zum
101011010101 0100 0000οἰ00000 80010 100 0100001000)εο 0000010100,
0100 0011000000103001011, 1100 waleheim 8100111010 0οο 100 01001-
110100 0011000000011000010110100, 001 01011 vom 100100000001000 00
001001011οη 101

0. nrt. 0000 18 100000 1898 Ζ. 1851800100. XVII. Nr. 7018).

1) 00100 110 Frage, 01 110 Ρο10101100 100 Ρ1000000 10 001000
11000100 010 1003010000100 101001010001 010001011, 101 nur 110
0001111010 00011101 100 101010ος 0000001001. 2) 0010010110100100
100 Η111000100100 111100 0100100001000011001000100100 Ρ1000000.
8) 010 8001100000ος 100 §- 5. 1103 100 7000010000 vom 20. 100.
1890 8-0-81. 110. 7 00000010111100 001 11000100000100, 0001000
0001001 1000010000100 1000010ος 110100. 0101. 0. 00110110000
00001011001100 110 8000011003100 00 11001110010100100 11010001-
001010110000, 1. 1. 00101000 1100110001 1010100000 10 00110000011
0010000 00110001100101010010013 000 10000100010000000, mag 00
0101 um 0100 000ςο10001 100 Ρ1000000 001110001000001100111110·
0010001000 0100 um 0100 11000100000110081000000 001 1000010000
100 11111ορ00010το 1001010.

7. Erk. 0000 25. 100000 1888 Z. 111 (800100. XVII. 1107088).

1001 im Η10111010 001100 1000101101 100 zur congrua-Re·
gulirnng 00101000100 00001011010 1001010010 001001000010110100101
100 000 0010100 800010101000010110100 00010110 [1101000000 01011
0001 1000 010 001001000010 0101 0000100100 1101100010ος0, 0001000
0001 1000 00100100100100010000 0100001011ου.

8. 1101. vom 9. Vebmr 1888 Ζ. 5881800100. XVII. 110. 7070).

010 80000001101110 1000100010 1701000000010011110000100
000000010000 1010001 100 101010010001100 vom Jahro 1855001000·
110000 001 11011 vom 10001001001011000100 80010101000100000-
00101111010011010110000 00 100 00001010000010100 001 01011000
Tago 100 Ρο111001100 10000101011000010 100 00001010000001000-
0110000.

9. 1101. vom 1. 11100 1898 Ζ. 385 (80100. 11711110 7111).

Dio 7001101110110011100 81000000 000 10101000 100 1101001οΙ100

00100 1111ίο001001οο 1010011 100 0000101101 0000010100 congr? 100

 

