8888888888 u. 888111. 118188 der 8888· u. Feiertaye 188 8888888. 67 ’

888 8888888888 88888 818 888118888888 888 88. 1050-1051 881·
8888888888 8888888888.

8. 888.

81888118888888 888 ἐξ. 1052-105⁸ 818888 8811888888888
18888888881818888 8888888188888 888 888811 88 8888· 888 Peste
tugen 81881 entgegen. ’

1188 88888888888188888888 81818188888881188, 818 81888188 11888
tage, welche 8188188181888 8888188 181188, 8888188888 888888
8888888111 888 8. 1051, 8888181 zu 9881881188. 881 888 1188888818,
118818888,08188-,Η1888811818818- 888 Pflngstfest 88881 81888 88-
81188888 88188 8888888888 ¹).

1) Fur Boyern 818 8888 8888188818 1888888883 vom 80. 1811 1888 888
818 88818888888888888888 vom 4. August 1888. 8181888118 88888181, 81188-
888 81888888388818118888 8811888838, 881888 8888183818188 888 88881838-
881118888 8888888188, 18888 8818181188 1888118 8888 81811888 mit 888 88888
88188838888118888 1888881888 8888818. Dutch eine Bokanntmachung 888
[818188188181818818888 888 188888 vom 80. April 1895 - 1188818888 888-
8888888881811 S. 854 888 888 - 181 888818 888888888888818888888 188888·
8888118888 1888888883 8811 888 8818888888118888 1888881188 88 818 Ver·
8811883888888888 818 88883888 83883888 »188888888888 8188 88 8881118888
8888· 888 1188118388 8888 §- l 888 8118888888188 8888888888 888 3818111868
»818 88188 8888888-8881188118388818888888 8118 1188811188 8838888888 8888
8888111888 8888888188 8888388888 88881188 888 8888888811888888181888888
8881888881, 8888888888 818 8818888888 Fine 888 8888888111188 888 8881888 18
fl. 1 88888 8 8. ff. vorgewhenen 88888888. 1118 8818818818 88888888 8888888
88818888 8838818888, 818 888888818888188 8888888888 1888118881 8888 888888·
logon Ausuahmebestimmungen 888 (18888888888888 88 88888888, 8881181881
818 (18888888888883 8888818 8881181888 8888888883 88118888 881. 88888-
11818 888 88181888 888 1188881888888888 888818181 88 8888888111188 888 8881188·
888888 888 (18888888888888 881 888 8888881888 18 8. 8 888 8118888888188
1888888883 888 88. 1811 1888, 88818 888 8831888888 8118888888188 1188888·
8883 vom 8 August 1888.

Im 88118 888 8888181883 81888 88888 818 1888888883 8. 3818111888
888888118188888888888888883 8188888813 8818888888 8881188888 11831 mr
888 8188188188 888 11811 81888 1888188 (1888888888 888, 888 8188 8888811888 118888·
18188888 resp. Vergohon 8888 8. 78 sq. 888 881888881388818888888 8881881388.

88 88188 818888 818118 888881 8183881888, 888888881811818888888888·
ordnung im 1881118188 8888 8188881388 8888888888 1188818 »881888888888
8888888888 8888. 1888888188888 8818811. 81188888 81881188 818888 888
»8118 8118811188 8888888888 8888 8888818888 8883888188 8888388888 88881188
8888 8881888881188 Η88181888ς88 888888888888811818188888 88888188 88888,
881818838388 18 8818811888 818 88888888818888 8888118818 mmmm,
8881888 888888 818 888888888118 [1888188888 8888 818 1118811188 8838888888
8888 818 8888188888 8883888188 88889888 88888888 888888 188888, 888 mehr
888 88181888881888888888 888888 Fran 888 11188888 8881881181, 8888 81188 Ar·

5*

 

