322 18888188.- consultore 9188181188 1891.

8188 (188188888118888889 818 1189188889 888 1881818889 888 11888888-
11888888818 88 8188 881888881191888 1188881888 8888818111818 8881881191.

8818818 (188888 888 888888119889 zum 8888888 81888 (18818888 18
(18888888 88 dom, 818818 8898988888 1888181888 981988818888 888888.
(81881 8888 1889981881 1811181155, 891 p. 226, 1882 188, 18881 184).

Β. staatsrathsgutaohton 8118811888.

Das 8888888118888 818888188981888188 vom 81881881 8888188818 818
988888118118888888188119889 888 1189188889, 81888 8811188811188-888181118888
188881 88818198888 1881811888 881881818888 88888888 88 othehem 88888881188
81188 188888 818 1811889, 88 8888 888 8811911888 881898 888 81111889 888
mit 1188181881881 818 28188911881811 888 818118 88988188888 118ρί1818 818118·
9188889 888 818888888188119889 88 (1888188 888 188. 888898981811811888
(18888888 machon 16an 88 1818188888 888818 888188918 888 8188188818 8811888
88818988988 888 18881188181188.

1188888888 8881188888 8811888 8888188888 881111888988 8881819818891
181, 88888 888 8888 818 88888188118888 1188988 8888818888 888888. 1881881889
8881811888, 881 8888 (1881818 888 1818818881( (8888( S. 820) 888 1811889 888
1818188 willens 888 0. 888 881888 (1188888898888888 818888 88 8181188, welche
ihm mit 188181111988 Sponden 8811888188, 888181 88888188 18 888 88881898 88·
9818881, 188888 8888 88888889 888 88 8888888888 18889818 88 81888 1188818-
person (8818 8888818, 8888 88118818) 888 888818881811 8888 811888888888188
888 11198811818888· 888 1189811818 188188 881888, 8818888 zum 8888 888 888118188-
8811889 888 (18818888 dienen 8811; 8888 warde 88881 818 888811881888 Grund-
1898118 818 1881881889 8888 1888898888818888 888 888 (1881881 188188, 88 8888
8888 81888 88888889 888 188181. Person 818 8881188889 (188 ’188181888888
888 8811898188188888 81881 818 8888888888 1888888 8881119889 118888
188818. - 81888881188888988989881, 88818 8188 881 818 (18118888888889
im 88881888 888 8189881. 11888188 8888881811, 18 888 (18881888 18818888 1118-
domim. 81881 8888 81881 mit 8888811881118888111881881889188 widonprueho
888 1888 881888 88888 81818118898988811 9811νά881 888888.

18 888 1881 81888 8888 18188 8889881188 818 888818188888188888811188
888 (1888188 vom 1. 1811 1886, 18. August 1811, 181881 1818 8. 1811811811
888 888 818 88988888888118811888888988, 888811 881888 8188 8888 888 8881881889
888 (1811888888888881188988 88198988818888 8811188, 8198988881188, 88 8188818888
8888881188811818 888 kam. 3818881818 88188188. Dies 8891818188 8881188888
8888818888 888 188888 (181818, welch 181818888 888881 8881811, 818 ’1818888 88
88 88188888, wo 818 118 888 (181188818881 88 1888818819 88988888888 888,
1888888818 888, 88888 818 8888888888888188988 8818189888118811988118-
818181888818888811889818889. 1118118 988198 818 1888881889 vom 28. suli
1861 18 8881188888( 88888988888188, 888818 8881818898898181881 md, 818
1181888818188989888188 8888 881 818 8881811888 888 818811818811881888 8818881-
nisse 88 8881888188, 88888888 8888988 888 888898πί888 worden 888, 818 881
888 1898, 18 8888188 18 1181188818 818811818. 881888181888 118888, 81888 888·
8888889 88888 8188 8888 188888888188 81118, 88 881 888 188188 8188198
1881811 888 8188118811. 881888181888 18 818888, ihre 8 Z w 8818888 8 rs
11888181988888 11888818911881181... 1)((88818181188188,
8881118 888 8188888 8881888118 8888. 1188818 vom 4. 1811 1881 8881881191 888·

 

