48 011951, 8151151551 11.151111.1111111111 851111· ιι. 1111111591 111 nam

55 den nbrigen 8555-5511151111555 1151115 1111111555 11511511
des vormittagigen Pfarrgottesdienstos 51551 515651155111151).

An 1158555-51111 1111111555, an 5515555 5151115551 Jahr-
1551115 1111155615, 5151155 0111111115 und 1151155515 ¹) 5515111111
11151156 151 15151111ςὶ555 2111155115161151151 5515515555 5151515.
11515 8515511 111 05115551 (151 Laden 551115131551551555155555,
8111515515 und 815151116551), welche 55 11551115555 8555- 551
85181155 (155 ,115155 2155551555115111115 (151115. 05151115ιοί55,

1115511115 511551551511 1555 den Dreifnlfigkeitmuntag. 55 diesem Tage 1155
1511115551351 156551551511 durch 51115551515555 8111155555 1511531 1111115.
Vergl. Sammlung 511 B. 5, 8. 45 11115511 (111 051111511131115511 11551555 1515
28. December 1889. 8. 2 511 durch (115 1115515111111155511 Boetimmungen 5551
dio Soantageruhe im Η15ι111131151515155 Erweiterung 51115155.

1) Die 8515· 5511 1151511115 sind in (111 1515165555 15 (1111 11111115
5551151111,

1. 1155511111 511151511551511511111551151511. 8. 2 Abu. 1.

2. 1111515551 8555· und 8511531511111115515111511 11551155 (151 1511511-
11515558511551151111551111 fi. 2 551. 2.

8. 8515511115 1111511131, 15 (11115 81111 115 ’15111 (151 8115111155, nicht
verpflichtot 111, 151 51151 (115511 1151111511 11115151 odor 1111 055111115511531-
55531111. θ. l 551. 4 und 5, 5. 8 1511.

15115511 durren durch 111111 8555- 515181111151115511 (1110115155 der
(1518111113111111 1111 1511115 05515111551555111315 5551555 515515511155111115
werden. Eine 15511551 115151155551553 der 811115565111551555 15 der 1111551-
511515551655551-11511111.

Die 5155 1111111 der 111155151151515185555111511115 1111811155 5111-
55111511151115515. 1551511615 sind genammelt im 1155551551115155551895,
8. 147 sq. und 551 Α. 1151151,1)15351111115555 81165555355 11511 die 8155·
11511555 115 81551115515151 und 1ιι der Industrio 1111151111 und mit (115 Voll-
zugsvomchriften 151 851115 und 1511151 deutsche 115155, 11555515 1895, S. 182 sq.
und 511115 1115151151151511 1111 den 111515155115511110511511115 1892, 8. 190
-197, 1898, 8. 115, 1894, 8. 65, 128168, Κιοίωπι1551111 111 1111811511515
1892, S. 87, 65, 1888, 8. 5, [1115151151111 (1518551551111 1892. S. 81, 119,
1894, 8. 711 8111115551111151055151111 1892, 8. 61 und 75, 1898, 8. 181,
1111111151151111151055111151155 1892, 8. 46, Κ11111151151111 151 11511111151115 “
1892, 8. 88, Κι11115ι1151111 151 8551115155115555131892, 8. 89, 1898, S. 185.
215251155111115 1111 111115111151155 551 115551, 8136.

2) 91511515155515 151 85155115551511511555111555115115115155511111155
811511555515 1511 den 1111111515151 sind gmmmelt 551 ereetum-Pecu·
1551111, 8111553111111 (151 01116511551115151551615 B. 2, 8. 449-158, 05135
9511151111 5511111515-5511.Β5(11515111511 11551151 (111 1115111251515 81111·
ςο11115115ι111 1115515 15 111111, 55111. 5551151531 111131111111511155.

8) 8155511815, welche 1551115551151111515155, ,1155115 51551511551.
11115111 (111 0551115111111151111 11555555 1115511111892, 8555511155555 Β. 2,
8181, 1113115511 11115511 1515 25. 11111 1889, 8555551155515 B. 5, 8. 292
und 1119111 115115511555555 Β. 10, 8. 299.

 

