52 811911,111111111111.111111.11’111181181111·.1.1111111191118111111.

= 8111111181111111180.1111 1862 1111111 81111 811111111-
11111111111111111111181111 vom 4. August 1883, 811 81111811

8. 811 1111181111 11111811 1111811111 Τ11111111111111118.11111888,
(811111113111111, 81881) vergi. Pechmanm 8111111111111111188. 81111.
und 8111 8111111 111 811111111118111, Β. 58, 8. 881 Β. 58, 8. 881

8. 111111 11181111 811 0111111111, 1111111 811111· 118 111118111111-
1111111111 B. 1, 8. 146 118 8111 811111111118111111111111811111 B. 18 8. 188.

4. 811111111111111111 111111111111111 811111- 118 8111111311 und 11
8111111111811811111111, 8111111 mr administrativa 111111, B. 18, 8. 151
B. 16, 8. 111, 11111111 111 111111 111111111111111111111111111 11811 Vor-
1111811 111111111111 111111131111111111118. B. 18, 8. 128, 181.

5. 1111118111111111111111 11 8111-118 8111111111, 8111111 111 18-
11111111811Ρ11111, B. 84, 8. 321 und 1111111 81111111811111 8. 8, S. 411.

8. 111111 8111111111111111 11 8111· 118 8111111311, 1111111111 811 11111-
111111111 811 111111 1888, 8. 214.

1) 111111 811 1111111111 111 8111111111111111111111 1181111111111111·
sieigerungen 11 8111· 118 8111111111 11111111· 11111181 8111111111 1111811111·
1111131111111111 8. 182 sq.

1. 81111811111111111111 11 8111· 118 8111111111, 81111111111111111-
1111118611, 8. 259; 11181111111111181111188.11111111882, 18, 811111· 118
1111181111111111, S. 214. ·

8. 81111811111111111 Post 1188111 118 8118111111111181111 Au·
italien 11811111881111111111 811111811111111 1. 1111 1889 118 deren
Nachirigez 811111- 11811111811111111111889, 8. 285, 886, 1881, 8. 48; 111-
ordnungs· 118 111111111111 811 11111111111111111 1898, 8. 8151 1888, 8. 125.
Vgl. 11111 811111111111111111111118111, 81311111311118 11, 8. 68.

9. 111111811811118118111-1188111111111111111811811118111 8811111911·
8111111, 1111181111111111111111, B. 8, 818888. 88, 8. 8481 8111111111118·
nungensammiung B. 4, 8. 519. 111111 811 11 811 1111111111 111111111181111, civil·
118 8111111111111181111, 111 111181111111111111 11881111111111111111111111111
11111111111811111111111 »11111111111811111111 111111111 11111111111111111811·
1111111. 811 commentare 1181111 einnehiigigen Entachoidungen 811 111111111-
11111111 1111111111 811 1111111111, 8111 1111111111111111181111111118111111111
8111111131 11 1111111111 11111, welche 111 811 (1111111111811 8118111111111
1111111118, weil 11 811111111 1111111111111111111181111811 81111111 811
111311111111 11111111 11111. Da 111 811 1111111111 (1111111811 111111111111111
1111111111 11111 011111111 111111111111111, 1111181111111111111111114111111111
1111111111111 01111 811 111111111111, 11 11111111111111111 01111811 pro·
111111811111 1111111111 1111111111111 8111111111111111111. 11 1111111111Ιί
1111111111 01111 gibt 11 1111 811 81111111111111811 88111111111111 111111
1811111111 88111111 im 81111 abigor 8111111118 111118111111. Du 8111·
111111111111111 811 11 111111 81118111111111111111111118111111111, 11111
81111111 nicht 811 81111111 dominans 11111 1111111111 11111111, 11111 11 81·
111111. Vergl. θ. 1181111111 118 Μ. 11111, 8111111111111181111 mr 811
81111111 111111, 811111 1886, B. 1. 8. 848, 2811 Uareia 118 8111εὸ11111,
Η11811111111, Berlin 1891, 8. 884, Am: 11. 1111111111, commentar 1111
81111111111111111111111111 1892, 8. 458, 1111. 41 bochar scaffen, (1111111111
1116111111111111181111 111, 6. 1111, 11111111 1888, 8. 218, 111. 1 118 8. 251

 

