. 0000011000 0100010100 1801. 319

mehr 010 1000 1101100 1886 001110 1101100 (10000010. 55, 00100 8. 827
1111. 8) 0001 001 01000 110011 Armeni· 110111 00111110011100101100100
11100100- 000 80101000010001000 0100 110110οθ0 00000000 000 000000..
1001100101 00 1000010 0000100010 100001, 0000 010 0100000 1101011011οο
0001000οο 000 110 10000000 1100110101 0000111000 000000. 1110
armen. Kongregation 00100010 sich 0001 000 01010001100100 80101000
0001000010ὴο (00000 000 Μο01110010100-1101100100001011100) 000 000
100101, οο dass 010 ital. 1100100000 010 mit 11001010110010000011000
000 800010 00 1000010 1711 ihr 00110110 Ρο10110000010000 1100000 010
»[000001100010010( ¹) Zweiqniederlassunq (110000, Κ100100-(1000110110

1) 11000 0000. 010010. 1889 p. 22, 80, 286 ff. 0100 001000000οι

A. 81001000110001001100 7. 100118840

11001( 11001011 000 (10000100 000 Ρ. -0101101101100 1000110101110100
1001001000 000 8001010 0010010000ἰο 0000001100 1100101000 00 100000 000 010
(10001010000 gemina (1000100000ιο 5. 100118500000 11000010 01000 00110000
10 (10000000, - 000 0010011000 000 1001100111011000 (0008100100011010000
18. 100001 1888 00000 010000 101000, - 000 1100001000 000 100110- 000
101100101010010000 vom 11. 1000001884, 010 1000100001011 000 010 ver·
01010100 111101100000 00 1010000, - (100 vom 810010001ὴο 00 ’10010 10 000
Ρ10000011000000 vom 24. 1011 1852 000 1. 100111855 01000010000 00000-
10000000 (1010010100, 0001101 000 1101001100 000 1001100111011000 vom 29. 1011
1888 000 9. 10011 1809 1010. 000 (100001 000 00000. 1001000 0. 0010οο010 000
(110 100101110000 000( 000000000010, vom 8. 8001. 1815 000 18. 1011 1818
1010. 000 000001 (100 10010000 (100 1001000 0010010010οι 1110010 10 (10000000
1100001, vom 8. 1001 18131010. 8010001000 01000 11000110 1110000 1100100101-
0001110000100100 (10110001000110 (10000, 100000 vom 18. 1001 0001110111871
1010. (100 (1000010001001001000 (100 11001οῩ0010011100100000001100101100100000
000 010 ’11001011100000000 0000000001010 Rom, 000 (1010010100 0001111011000
000 100000 vom 21. 1100. 1871 0001111100 1878, 1010. 0001100001 01000 0000·
000010010100 10000100000 100 010 israel. (001. 00100 Β.) 11010001000 1011100000,
00011101 000 8000100000 00ιο 1111011858 im 800010 1010. 000 0001001100 00·
0010 vom 5. 1001 1850. ., 00010 1010100011, 0000 000 00000010100 000001
101 0001001100111011000 010 000000010110101000000000001101, 01 000 Go-
0010 0000 110011ὃὸ0 auch 001 1000000 1001011010 Ρο000000, 01011000 11010·
0110 im 10001000 0 10100, 0000000100 001, 00001 001010 00000οΜ0 sum
(1000οΜ0010 10 Italian qletchtalla 000100000000100101001001001000,
0000100000 000 0000111000 100000 010000 Frage 010 1011000 110011000001000
000 8100100110 00111000 zusammen 00 100000 000, 000 0000 00100 0110 001-
0010100 der 100110- 0100001000000 1111011000, 00010 1001101 00000001 0000
0010000000001010 1010000000 0000000 000000, 0000100000 00101100 werdon
masten, 101 (1ον 8100100011 0100010 00000001011010 110000 [01000000
0000000000

1010100 101. 2 000 0011000001100. Gom-B„ 0010100101110110 000110001-
00010 mit 00010115 000 10010000 1110011000100 111111. 110001001100001,
»001100 010 (1000010000, 10000000, 01011001110100 0000 001010100100101100,

 

