VI.

11111111111111111 111 1111111111.811111-11111111111111111
1111 89. 8111111111 1811111111. 111. 4889.

911111111111 11111111. Geeeteertikel XXXI 111 XXXIII 1111 18941111 111
1111111111 und 111 1111111111 1111111111 belm 11. 111 1111111 1111111111.111

k. Κ1111111111111.
(1111111111111111 111111 1111111141. 811111 vem 8. 011. 1891, 111161).

11 81111 111 111 mit 1. 011. 1895 11111111 111111111111111·
11111 (1111111111111111111111111111111111 1894, 1111. 111 81111111
111 11111111111111 1111111111, 11111 11111111111111111111111111111
1111111111Ρ1111111 111 k. 111 k. Η11111, 111 k. 111 k. Kriege·
1111111 11111111111111111 Nechstehendee verlautbert‚ 11111. 11111111

1. ch 111111111111 Tege 1111111111 111111111111111111111,

welche aes 11111111111911111111111111 111111 111 ξ. 29 111111-
11111111111111111111111894 111111111111 011111111111 vorgencmmen
111111, kraft 111 (1111111111 1111111 Weiee 111111 111111111 11111
81111111111111 11111 11111111 11111111111111 1111111111 (111111οηὶ11
1111111 Ρ11111111111111 1111 1111111111111111111111111111111111, 11·
1111111111 Ρ11111111111111 1111111 111 111111 (111111111111 1111-
111111 1111111111111111111111111 haben.

1111 1111 111 11111111111111 1111111111 111 1111111111 111
’1111111111 1111111111 11111111 11111111- (1111111-1111111111111 111111
11111111 11111. 011111118951111111111 111 11111111111111111111
111111111111111111111111111 1111111 1111111111, 11111 111Ρ1111111
111 1111111 1111111111 11111111 11111, 1111 11111111111111111181·
1111111111 11111111111 haben.

2. Dieee 11111111- (1111111-) (1111111111 111111 1111111 1111
’1111111 1111111111 11111111 - falls einer 1111 11111 111 1111-
1111111111111 11111111118111111111111111, welche 111 811111111-
11111111111 in einer Gemeinde 11111111 11111111 - nur 1111111-
1111111, 11111 111 1111 11111 111 11111111111 111111111111111 in
1111111 111111111111111111, 111111 11 werde 111111111 11111111
11111111, 1111 11 11111 111 1111. 36 111 (1111111111111111111111
189411111111111111 11111 111.

8. Dic 11. 611127 111 (111111111111111 XXXI 111 1894 sind
1111 111 1111111111 11111111111811111111111 1111111111, welche
111 Η1111111111111 11 11111 (1111111111 11111111 11111111 111111111-

 

