Uest-unq. 111111111111111.89.81111898 1111. 13111111. 111 11111111. 125

1111 111 11111111111 (11111111 1111111111111111111111, 1111111111-
111111111 auch 11111111111- (Μ11111·)(1111111111111 zu 111111 111.

4. Η11111111111 1111111111111111 11111111 vom 11111111111
1111111 11 11111111- (Mariae) 91111111111111111, 1111111 11111111
111 111111111111111111 11111111 111 1. 1111. 1111111111 111 1111111·
marine, welche ungar. 81111111111111 111 11111 1111111111 11111111
11111111111111111 1111, 1111111111 1011111118951111111111 die
benglichen Bestimmungen 111 (1111111111111 XXXI und XXXIII 111
18111, 11111111 111 BeIugnies der 11111111- (1111111) 0111111111
(11111111) 111 [1111111111 1111111 1111111111 11 111 111111111111
11111111 1111111.

5. 11111 1. 149 111 (11111111111111 XXXI von 1894 1111111111
1111111111Ρ1111111111111111111111 1111111111 111 11111111111111, 1111
1111 1111 1111111111 111 1111111111111 11111111111 ’1111111 1111-
11111; 11111111 huben die 1111111 01111111111Μ111111-Βο111111111
Η11111 111 111 Κ111111111111, welche In Ungarn 111111111111111,
1111111111 1111 111 1111111111 1111 111811111111 111 1. 1111. 111111
(Kriegsmerine) 1111111111111.

6. Die 1111111111 1111111111 111 11 11111351116911191·
11111111111111111111 111 1894 111111111111111111111111 1111111111111
111 (1111111-11111111111111 11111 11 1111111 111 111111 1111111·
(Mariae-I 11111111111111111 11111111.

111 81111 111 11111111 111111111111111

Δ. 111 1111111111 11111 (111111 - 111111111111111111111111
111111 111 111 (111111 11 111111111, 11111. 11111 1111111111111111
11111111 111 (111111 1111111111111111111111111111111111, 1111111·
1111 1111111111- 1111111111, 111 1111111111111111111111111111-
111 111111111111

1) 111 1111111111 111111

1) 111111 111 111111111111 111111111111Η11111111;

1) 111 1111111111111111 111111 111111111 11111

1) 1111 1111, 111 111 111 (111111 11111111 111111

1) 11111111, 11 111111 11111111111111111 11111111.
111111 111111 111111 1111111111 11111111111

1) 111 1111111, 111111 111 11111 11111 111.

Β. Zur AnmeIdung 11111811111111111 - 1111111111111 11111111

1111111111-1111 1111111111, 11111111 111111ποί111 ’
1)111 811111111111111111
1) 111 8111111111111111111
1)111111111,11111111 11111111 111 1111111111 11111111
11111 Η111111111111111,1111111111 111111 111111.

 

