194 011311, Franz. Frauenkloeter.

111111 11 1111111111111.« Dureh 1111111 111 (1111111111111111)

Seaaesoberhauptee 11111 111 eber 11111Β1113111111181111311
111. 0111113111 1111 oben 11111 §- 11 Β 111 C 111111111111 01111
»1111111111111111111111 1111131«; 1111 1111 11111111111811111311
1111011111311 111111111111111111 11 111113 3111111111, 111111 Wort·
1111111111 1111311111 Datum 1111 1131111111 1111, muse 3111111111
111 1111111111 111111113113 1111011111 11111 11111 1111111 1111111111
111113111111111111111, 111111 11113111 11131311311111111 1111111
111111111111 1111111 111 11111111 8111113111111011111311111111111
11 (1111113 31111111 311111 ¹).

B) Ale wieder 1131111111 1111111111111111311111111111111111-
11111111111101111, 111111 111 Ρ11111113111111111111 111111111 11-
111111131111, »1111111111111111 11111111 (1111 ξ. 11 Α. 4111111-
1111111111« 1111 (11111 0)111111113111111111111111111, 1111. 111
31111111111311111111 (oder Kerporation) 1111111111 111. Niobe 111
11111 11111111111 Bezeiehnungen 1111111 111 111111111118111111111

311111. 111111111111111111111111111 111. 1111111 111111111111111 111131131111111
1111 sententie 1111 8111111311 111 0111113111 1111111113 1111111111 1111111,
111 11111 Nomen 1111 1113111111 111111111ρί1 111 111111111111111113111
111111. 111111111111 11111131111111, 1111111 1111 rein 31111111111111311111-
1131 1111 [11111111 1111111111 1111111 111 0111111111 3 Mese. 1111, 1111111
1111111111111111111 1111111113113 11111 011111 11 1111111111131111311111
111 »1111131 111 8111111311 111 0111113111 111 1111111111 81111111111111111
111311111111111 1111111113113111111 1111111 Krete. 1111111111 11111 111111,
noch 11111111 1111 8111111311 111 0111111311 11131113111111111111. 11111
Ῐ11111111111111111111 11111 1111 0111111111 3 11111. XII 1111111 Ganue-
[111111111111111111111011111111111 11 1111111111 311111111; 111111 111
’ 31111111111111131111111311 111111τί1111 111111111111111811111111111111 111
1111111, 1111 1111 1111111111 1111111113 111 011111111111, 1111111 1111111-
1111111 111111111111, 1111111131111111, 11111111 1111 durch 1.·111111111111,
,1111111111 11 p. 33, 1111111 1881 111 p. 73. 1111 111111 11111 11111111 111
(11111111111131. Ele-Lethe (711111181111111131 Β1. 11 S. 221 11111111·
1111111111 111 Art, 1 11111 1111111111111113111111111. 1111111131 1111111111
111 Steeteoberheupt in 11115111 0111111 1111 ll Τ11111.Χ11111111.11 Β)
111 (11111113113111 11111111111111119 111111111111 11111111111.111 111111111
111 Ρ1ῖ1111111 11111111 11111111111 1111111 111 »11111111111118111111111 111;
111 11111111113113111 011111 1111111111 11111 durch die 11111111111111111111·
11111113 111811111311 11111191 1111 111 111111 1111111113 »vertam«, 11
Ἢ dees keinem 01111 1111111111 111111 1111111111, 1111111 11111111111111 (111-
11111113111811111311 11111111111111111111 111131111111 werden 11111. ,
Der 81111 11111 111 1111111111 1131111111 11111 1111111111111111 Ver·
1111113111 0111111111 1111111 11111111 11111111111111 (111 Α. 111) 1111·
11111113 31113111 01111111111113 111 1111111· 111 111011111111111111111111

{haege 1111111 1111111111311131111111 111 81111111311113 11 111111 111111

 

