11111, namanes 11111111111111111911 111111 1111111. 158

1111111 111 111 81111111111111 111111 nus Zanng 111 8111·
11111111111131 5. 70711111 1111; 1111, ’11111 11 1111 1111111111
81111111111111, 111111 111 1111111111 111111111111111111111, 11-
111111 11111 1511111111 11111111 11111111 111 11111111111, Aron. 1.
K.·B. 718. 87. (71111111 11111111111111 4. ont. 1895, 17. 8., 111111
xlx 8. 418 111111 111111, 1111 1111 11111111111111111111 111 Be-
11111111 111 Κ11111111111111111 111 111 (1111111111111111111 gn·
nehmigt‚ 111111 111 1111111111 111 Νο1111111111111111111 bn·
nnn«. 111111111 bedan 111 1111111111 1111 1711111111 11101-
nehmignng, pr. Ges. 20 71 1875 5. 50 Nn. 43 negen Nichtern'nllnng
111111 71111 1111 111 111111 1110111111111111111Ρ111111111
11111111 1111 1111 [111111111111111 1111111111 1111111111 11111
gagen 111 7111111111 111 1111171111111111 8111111111 1111111,
11111111 111 111111111111 111111, 11111111111111111011111111113
1111111111111 1111111 1111111 vgl. 111111 1).

1) 28. 111. 1895, 71. 8., 111171. 95 8150. Die 1111111 1111
111 der 111911 1111 11111111ἅὶ11 ’111111 111 11111111, 1111111 11111
1111111111111111111111111111111111 111 1117111111 111 11111111 111

1) 18. 71111. 1801, 718, 111117. 111105 u. 11111111.

’ 111111 11111 2111 und 81111111 11111, 1111111 111111 1111111 gaunon

lnbegriffn sind 111 11111111111311 81111111111111111111111.

1) ln. 111111. 1895, 111. 8., 11117. 95 8. 169. 11111 111 811111·
1111111111 111 11111111 wegen 1111111111 kann - 5. 575 1111592
011.-Ρ1.-0. - 11171111111131 111 8111111111 verbunden 111111,
111111111111 impotentia coeundi 111 Fran 1110111111111 1111111
1111111111 11111111 11111111 11111 111111 1111 1111111111 11111 1111
111111 1111111111 1111111111 Schoidnngsgrnnd mehr, 1111111 1111 -
111011111111111-1111 ein. 1111111-0. 0. 11111. 1875 5. 36 11. 311.

g) 21. 7111. 1895, 17. 8., jur. W. 85 8. 250. 1111Ρ111111
11111 Psnrraclters 111111 1111 11111 17111111 111 Ρ1111111 111 1111119111
111 111111111111111 31111111 111111, 11111 111 7111111 1111111111
7111111113 111 7111111 1111 111711111111 111111 111111811111111111
111 11111111111011111 gesnhlonsen 111 5. 800-803 A. L. 11 1111,
1111111111.

1) 23. 7111. 1895, 7. 8., 111. W. 95 S. 211. 1111 7111111111,
1111 11111 11111 1111111111111111 1111111111 111 211711111111111
111101111111111111. 1 11. L. 11. 11 0) 11111111111111 81111111 111-
11111, 111111111 1111111 1131111111, anch 11111 1111111 [1111111111111-
111111 11111 dem 01111111111111, 1111 111 vogen Anfgnbn 11111 Be·
1111111111 (21111111. 1. 7.-11. l 8. 422) 1111111111 11111, 1111 11111111-
111111111111 11 1111, 111. 1111111, (11111111111111111111118. 808, 824,

 

