44 881888,8888188888888118118188(18888888118188188818 8838888.

8888888888, 888888118888, 8888818· 8881188811·8818188881)818888
Soun- und 1888118888, 88838888 1181181) (8838888888, 88188831.

deru 8888 1888811888 88881888 reu deu 888888118888 18881188 uud Be-
8881111388388 888 1188118388( - 118188881888388 888 Β8188838818818818 81881-
cuchen, Leipzig 1800, Β. 20, 8. 82, 85, 87. - 1118818811188 88888818388888
881 88888188 818 118188838888888888838-11888118 vem 1888818111 8183888888
8888888388 38188888, 8838388 3818881818 88381888 888 8888183818188 8881181-
188 81881 88 88818 8. 4 der Reicheverfceeuug der Reiehcgcce'crgehurrg 88888-
88118888 8888818888, 8888888 steht der 8888838818388888 cu.

l) 881888 11888188388 1888181888 durch die ddeutliche eder iu der 081-
188188818811 8888888888 08888888 8188 8188888 888888188818188. »Bei der
8188883 der Fcier der 888-8881811888 8888811 ec 8188 888 81888388,
welche 8888 888888 818 8818188888 18 818 8888811888118888818883188188 888818
8818188 888188818188, 818 §uasere Η811138811883 888 8888-88818811838, 818 88
888881888 zu 888888818888888888811888 888 18 diesem 81888 818 8113888188
8888183818188 88 818888 888 88 888181818811888. Scheu 888 11838111 »8188883
888 Suuuhcgrfeier« 888 818 38888 8818188 8188888 8888888888 8888888888
881888 888881 1818, deus 811888181818888 81881 1888881188 8888181 8188, welche
888888118881188 888 888818 888 18818188888 18 881888 ,1888888188 (8188881838-
88188 88818188, 8888888 uur 8818188, welche 88888 8188 durch 1888 8888 118·
883883 888 1888888188. eder 88881818 88818 8888881818 81818888 888181888118883
der (0138881888 888888818188 818 88181888 8188 81818188( 118188881888888 888
1181888388188188 18 8188188888 Β. 20, S. 88. 111818888181888881111888818881188
88 8888- 888181818888 8188 888 durch 881381888888883, 81881 durch 818
881888888888888888888-11888118 88888188. »Β88088388188888 18 81888 188188-
1188888 0818 88 81888 18188188888118811888 181 81881888, 8888 8888 18188
8188888 888 118118881888188 8188888188181, 88 durch 8. 1 888 1888888883 jede
888811188888881883888188 88838888 ,188811 8888188181, 3181888181, 88 der
Gutteudieueh hiedurch 8881881 8188 8888 8181818 Μ. succeleia, Zeitschrift 188
(1881881888818 888 888818818888888811, Β. 5, S. 267, 208. 11888 888 1188388·
188888, 1881881 eu 18 888 81888118188118188818188888811888811888881888888
4. Jeuuer 1866, 181 88188188811881188 81888888111888888811881118888 188388-
8188 88838888 1881881883 888 1888818188888111181888 1381818888 8881888 88818
8888188188 3888818888 18888188. der Seuuhugecrheit) 818181 8838888888
werden. Ucber 888 11838111 »8883888188 88838888 188811( 888181808118811888
08818888888181818 11888888 888 2³³. Ner. 1888 - 8888188311. 2, 8. 821 —r
11888 8188 88 81888 88881838 8888 18811888 888388888888 88881188881118888
8883888188 88831881, 18118 1838881888 8888 8888888888, 8888 81818 8188
88888118818 durch] 888081881888888888 durch Veruuhme der 188811 1818888
8111118888 888 8811318888 (18188188 8881818188188888 881, 88888 8888 81881888

1118888888 einer 0818818811 eu 818888 8888118118888 888811881881888 38888888 ,

88888 888 88388 8188 18888188181888 Pereoucu 818 288388888888181 8888881888.
- 1118 11888818 888 88881888888811 18 388888118888, 11888818-8881888118818188
8188 durch 818 11818188388888888888888·11888118 8888883811, beru. 8888881811 888·
888, 88 88888 81888188 8181818188 818 8888111888, 381888881188888883888188
8888888 88881838888811, eundern die Seuutcgcurheit uberhaupt 88888188 181
8888811888 188818818188 1888888818 der 1188888 8881188811( 8181188881, 181888-

 

