58 11111, 1111111111 u. nnn. 1111111111 1111111111 noym.

Welehe ’1131 111 11111131 311111, 1111111111 11111 311111·
1111113113111 11111111 111 111111111111111 111111111111111 111111·
11311111311 ¹).

1) wegen 11131111110111311111 1118111113111111111111, 111111 1111111
31111131111111 - Die 11111111 01111111111113,Δ11.92,011 11111111311111-
1111, Art. 819, 330, 111. 4, Die Civilpreeeeeorelnnng, 1. 111 111200, 111. 2,
Die 8111111111111111113, 3. 43, 1113 11111111 111 1113111 (111111111111
3. 153, (1111111, Β. 1, 8. , 286) 1111111 111 1111111111 1111111111111111
1113111111 811111131 - 11 1111 1111 111 3111111113 111 81111131, 111
11111111311111311 1111111111. Die 11111111311111311 11111111111111181131
1111131111 11111131111111 111111111111 81111131 111 1111 1111111311 Ver·
1111113113111181.3111131111 dem Pepete Beetimmnngen mit Gewieeenever·
11111111111111111111. 11131. 1111111111111. 11.-Β. Β. 23 (1870) 8. 121, 122.
So 1113111111111111311111311 11111111111111111 Feettege 111 1111111131 111
811111 1111111113111111111111131111111111 11111,111111 ee bei 1111 11111111111
111111, 1111111111 111111111111 111 111131, 1111111 ’1131 11 111111111111131-
11111111 01111 111 11111131 1131111111111. 11 Bnyern 111111 111111111-
11131111 Vollznge 111 3. 10511112 111 (11111111111113111 30. April 1895
11111111. ·- 1111111·1111111111113111111823311. — In dereelben 1111111111
81111131 im 81111 (1111. 105· 111. 2 111 11111111111113 111111 111 11311·
1111113111 111 8111113 1111111111 81111131111111111111

1. 11111111 11111111111113, 2. 11181131111113,11111111 11111111111113,
31111111111111111, 111101111111113, 5. Dee 11111 christi 111111111111,
6. 111 Ρ1113111111113, 111111 11131111 81111131 serione 0111, 11 11111111 111·
selben den 1111111111 111111111111111111111111111111 111111111111 1111 11111·
3111 111 11 31111111111111111 11111111111111111111 sind: 7. 111 1111 111
113 1111131, 3111111111311111, 8111 0111111113, 9111 111111111111111111,
10. 111 11111 111111 Η111111111111, 11. 111 8111 1111111111311.

lm 1111113111 11111111 111 111111111111111111 8111111111131111111
(111 Fee'er der Senn- 11111 31111131 und 11111 1111111 [11- (11111111 111111·
211111111111111311011111, (111 anch sar 111 sonet 111 1113111111·
eceeennen 11111131, an deren 3111111111111 311111111111, 111 61111113.

111 111111 1111 11 Bnyern bei den 1111111111111111111 einzelnen Luden-
111111 3111111111 31111111111311 1111 111 31111131 jeder confession 1111 111 dem
11111111111 1111111111, 111 11111111111113111111111 011111111131111111111
11111111111311 1111 111 111 1111111111113 11 3. 82111 11. 111111111311111131.
- 1111111111 1111111 111111111113111113 und <lie 11111111311111311 1111111111
8111111131 11181111131 111 81111 111 3105· 1111211111111. 1111111111
1111111111 111111 Gemeindebeherelen der Ρ1111, Β. 2, S. 111, 11111111 1111 11
111111 3111111113 in Widereprueh mit Heinrich 1111111 Η1111111 111 Ver·
1111113 111 1111111113 111 111111111111113111111-111111111111 1111111 111
Ρ1111 - 2. 1111131, 1111113131111 111 1111111 01111, 811111 1880, S. 489,
490 - 111 mit 111111 1111111131311 01111111 1111111111111111111311111111111
19111111188811111111,11111111 11111111·11181111111111.11111111111111Κ11131
111 111 11111311 11111 11111111111111 311111111111111111131 11111111. 111111
111111111111111111111111. wilhelm n‘tadelmnnn, Hnndbneh der 111131-
(11111111111111111311111., 10. Aue.. 311111131881, 81431 113111111111,
Ρ111111111 1111111311111111111111, 0111111111111111113111111111, 5. 1111131,
81111113 1890, Β. 1, 8. 124 011111111111111111111111111111111111111 net·

 

