1811 (111911, 1111111. 1111111111111.

11111111111 1111. 11111111; 111. 5 111 (111. vom 5 1111111111(
11111111 1111111111 11181111111111111111111 (11111 ξ. ΙΙ A. 10) zur
9111111111 ⁵) 11111111111113, 111 8111111111 11111111 11111 11-
11111111 0111111111 (11111 §- 11 A 8) 1111111111. 1111 (11111 111111-
1111111111 1111111 11111111) 111111 1111111111 8111111111 111·
1111111611111111111111, 111111 111111 1111191191) 11111111-
111113113111111111111111111 worden waren.

(11111111111 111 1795 1111. 18021111814 1111111111111
[111111111111 8111, 8111, »111111 111 111111 111111 Donnersberg
(111111) 1111111 ²) von 111 (1111111111111111 Verstaatlichung 111-
genommen »diejenigen 1111111111, welche 1111 11111111 1111111111 111
11111111111 (1111111111 11114) 111 Kranloenpfleye 1111111111111111
1111111111(111 1111111111111) 111111111111 »8111111111111111111-
11111 11111111111111111111111 111 in 111111 ²) Besitze und Genusse
(11111 ς. 111. 5) 1111111111 (11111, welche gemfiss 11111111
&brigen 1111111 1118111111 1111111111 (11111111 (11111 ξ. 11 Α. 11) 11
1111111111 1111 (1.1 11111111181111111111111 tras 111 11111. (111111

5) Lem, 1111 111111, 1888 81111111384, 3391346. [1111111111-
111111111111111 111 111111111111111111111 111111111111111111111119111 ward
111111 111 (111111 vom 511111. 11 nicht 1111111131,11111111111111111111111
1111111113 1111111111 1111 11111111. 1111 eine 11. 11111111111111111 1111
1111111111, 1. B. 1111111 Psarrkirehenverwaltung zugloich 111 11111111111111
111111111111 (G. 191, Reiohsgericht 8. 11111885. 11. 8., 1111111111111111111
111111111111111111. 1885 S. 218, 8111111, 1111111111 «11311111, 1846 p. 199),
1111 11111111 1111 111 (11111111111111111111 111 11111111111111111111111
(D. 1111111. 1. 1.·11. 11 S. 311 1111. 5) flunt 111111111111111, 11111 111 1111-
1111111111 1111111 ihre Eigensohtst 111 11111111111111111111111111 111111 111.

(1) 1111111111111111. 11 11111. ΙΧ. 111111911111111111111311111111111
11111111111111111111111111111 111111, 111111 1111113111111111118111111111 111-
3111111111 1111111 1111111 111 (1111111 1111111 1111111113 111 1111111111,
1111111191111111111111111111111111 111111111111 1111 111111111111111 ge·
11111 111111. 11111111111111111111111111 11111111 von 11111111111111Ζ1·
11111119111111311118111111311111111, 11111 aber 11111 111 sich eigene
11111111111111918111111911. 11111111111111111111111111 1111111111 111 ge-
11111111111111111111111111 (111111 vom 15 11111. 11 111 5111111111 11 11-
1111111, 111 111 111 01111 111111111111111111111119111111111111111111111-
111111111 zugekommone Rechtsfihigkeit 111 111111111111119 111111111 11(
111 111 01111111111111111111111111111 1111111111 1111111111111111111311111·
11111111111111111111111111311 111111. 1111111 1111111 11111111, (191. 1111
8111111. 121, 169, 112, 111111 111119.

1) 11111111111111. 10 11111. X, Bull. d. 11111, 81113111111 p. 411
N. 198. 1111111111111111111111111, 111 1111113111111 1119111111, 111
titre· 1161111111111111 111111111111111,111111 111 111 11111111, 11111111, 111
1111111111 1111111111 11 111 1611111111 6111111 on 16111111111111111111111 11
111 11 18 (11111111 1111111, 1111 1111111161. 111. XX 811111111111111

 

