dobout. 110 0010000110111000000 000 0010τὶ160 qui 0010000 de Dion
10 droit 10 commender, 01 0000001100 11 1001, 100010 roperto, qur
10011000 coit 0000001000 110 0001 prochori 0001001 16001116101000
100 hommes 00 00011100 10100110 01 10 1000100. 110 1110100001 im·
morale 1001οο 10 i'hommo et 1010 femme quo 100 0011000 barbaros

216 100 1010000010 801010008.8000.1896000100000110000001010. 3

01100-0010000 001 00000110 commemorem 001101001 10 1100 000 lequel .
0010010 10 0001611 comestione, ils 101001 0000101οτ 001000000011000 ’

10 caprice 00 10 passion. 1100000160 000 10 cupidita 100 11000 1000-

000010, qui 001 10 source 10 1000 100 orcum 01 001 01011 000100 10 ¹

101 ὰ plusieurs (1 1100111. 10), 110 0011000001 00 1001110 000001616
10016 000 10 101 001000110, 01, 10110 001 1000001000, qu'eo 00010
000000100οι 10000100 01 10 donner 0011010011οο 0001601το 10 1000100
hommes, 110 0061001001 00010 01 transformer 00 000001616 commune

1001 ce qui 000100010 616 acquic, 0011 000 droit 1101061111 legitimo,
0011000 10 travail 100 mains 00 clo l’iotelligence‚ 0011000 16000000. ’
Commemoratione, 110 100 proclament 1000 10000 0000011600, 1

110 010001001 t 100 1600001000 1000 10000 600110, 110 100 propagent
100010 000010 000 000 0001000100 10 10000000 (1100001. Quod 100-
010110100000010, 28100, 187810

Tele 0001 1100, N. 1111, 100 100110 0010010000 10 00010110000,
01, 01 quelqo'oo 0001110000100006001100 00 000110 000001 10 000-
gramma 100111 0000001110 06011001100, 11 0011000111οη 0000100 aux
110100011000 1000001600 00 0010 meme 10 000 (1100001000 160101011000,
11 00110011 10 01100 000 10000000, 000 001110011000, 000 11000000 001
100 0’0 000 000101 10 01001100 100 peges 100 0100 combros 01 100 0100

1000100000 10111010100101100000116. La 11000016 qui 0000000110 3
1101100010οο0 10 00100 001100, 01 qui 001 1010010000110100100 i

100100111011000 000000110010 Belgiquo 001 0010001010 10 00000 qo’eilo
000000 0010001101, rr'est 0000 10 0001011000 qu'on rouage destino 1
1100000110ος 11101100, qu'un 011000 10011000 herrant 10 chemin 11000
100 0000010, 0000100001 00 000010 000 0100110 resignation pour 001000

100000οἰ0 00000001000100 00001ος 100100 010, 0010000101)Ιο problema

qu'ii 00 convient mimo 0001010010οε 1001 ici-bas qu'il 100110010,
0001000010 ocor 0000000000 (1001. XXII. 13).

(100 00100000, N. T. 0. 1., 0000 0000 16001100 1010101100
100100000100011000010100010; 0110 00 1011 0000001100 1000 truite:
110 1000101000 eoram 000000001ιο 000 (1101110. VII. 20).

1000 01000000000000 0000000 10 propagando, 0000 10000 000
11000000, 0011000001 0001001 10 0610100 100 populatione 0000110000
110000001011000000001, 01, 10 0100 0000001, 00 100 erogatori, 100
0100100101100 0001 0101100000 01, 0000 10 0000001 d’uo programma

 

