, 0010110101, Pedem, (10101011, Nae-ni. 327

800111311ςί1 (101 Ρ10111111010 01011101. Κο11 111111 11011 0110 11-
011111131011111301 (110 101010 (100 Vetere 11 011 0110100111αό
1101111101100001, p. 137. 1111001109101 oder 1111010011 kann
1011100011 werden (p. 21), (10101 euch (101110301010111 0110110130-
1011011001113111101 (p. 58), 0110 (10009011111011130111130, die 11011
0101 111 0101 001101 dee 110011 0011010 dee 11101010 dee 9110111010
ἱο111010101101101 101101, 11030301 111101ορ1101 10 0110101 11 (101
03011101.

1111110 fiunem 1111010 5 V 95 110 dem ehemaligen Kleeter
110 00110111 11 1101111110 011111011100101 [10011011 111001011101113
(10190111110101), 11010100 (101 0101100100 80100101 1100111103 10311
dee 111131. Ηο10 11 Spenien 101 (10091110101, 0110111 (101 1111011101
und 113011 (110 1101101111113. (Wegen (1001110111011030 S. 1101100
1111011 v. 111. 31011001. Ι p. 8550831. 121).

. 100111101090010110 (101 dir.. 11101001. ρ111010.(’111111895, 111.
1911110113. 111 11 11111111111111111111111111010111111
1111 111 (100 11101101. Fue-Ie) 10101110111. 259 »der 101 Rem 01030101·
(101110110010111100 11110111111011101 301101 1101111010 1011 111 110101 010
iedenn Weltreiehe und 001101 (101 31101101 8101111 (101 1111011.ΕὲοΚ 101011011
111100 101101111110, 301110010 (p. 1591101111 0101 (100 1111. (ρ. 849 u. 418)
10111 1011111311 1111 (110 (101100111001 (p. 159) 11101 (100 111011. in 1110111 1011·
101011 11101010111010101 001011 1001 (10191110111011101013 (110 (111011101111, 001
ihr 10110111010011.1011101101(1 (ἕ. 2113. - 0011110111003111 1101110110 (1.
(11011 interne 11 113101. 0011ρο110 1 95, 011010111101 »100000010ηο 01110011001,
9110001010110101100 181 p. 841 In 1110110100 3111 1001 (101 im 18. Jahrb.
010 11010111101 011 0111110 10111 1103010, 0010101010001110111113011.110101
11 1311001111101 (ξι 11011011. B. 0111111

2. 11011101 00101111 011011010 (11011110 3111111100 1895 111, 51 1.), 0110
3000110111101-(103100111010 9111101113 (1018001101030 (10111110101011 1011010101
110111001011110 (eenole p. 7), 101101 0311130101 110111111100101 11101101·
100011301, 111011 Venedi (101(11100101 ῗΒ100100 per le 00010111 di 8. (1101310
(101 (11001 1190101111. 18 , 110031. 3100011111-19901111111110 (1001010 ned
8111111301 (10118111010010111101 1498110 1811) und der uuinton Armenion·
ff. 88-45). 80110111 01001101 (110 011101110111110101101 11 1011111110 p. 48,
1110 p. 86 111001011301 (10110101, 110 1001 Κο111110110101 301101, 010101
(1011011301 101100110010010 01111313, 1100001 11 0111130 010 0111011111 10101
0101 ihrer 1101111011 1011 111101; 0101110111 101 0 111101111011011111 0101 111
1111 90Ιῆ01110 (1. 89 (100 Β(111101901110301818); 11 (1111010010111011 Frank·
11101 dee 801111100110101 1111101.. 101011. und 00101130 110111 1110110101
Ἧι. Κέ10111. 11ἓ10101ὲ1ἕ111111110 1110101113 0101 einen 0130101 11101101,
0 301 1001001. ,1. .

8. (10101110’0 11011 1. 11111. 71 8. 415) 1111111010 00010010011001111-
01010 (1103111111110011Ιι 11191 ,,11001895) 011011101111101 1011101010101
guelennenneieungen·¹ die Aneondlerung (101 1111111101 010 dem 1111111113110,
111111111011111111111111111111111 111111111111111
dem 0 1 811110 (110 80101113113 111 1111011113 101 11110101 1111. 9111111101
101; 01 Premit: 1011111 d 0301 p. 111 (110110011101010 11 0130101 Zu-
0911131011101103011 (10101 4011 1301 311311111301 1100111 0101111 1101 811010

01100 0111101 9111013010 p. 149.

4. 11011111 11101100 0011110111101 (1111110 00101100 (nerino 0911110111-
(10110 Χ, 88 p.. 1894, (11011010 11001οᾺ1000111111 1101 001 1101101, 1100 (100
30110110 R. 01101311 (110 3110110111. 11111013 101 0113011011 30101101.

 

