311 081381, 2803018811811811 dea 0880013818.

11183188 0081 01088883830810811011180 0081 383811 100 38080181 8810
001888; 0800 0010881801381 08118 8810 18030188 8810810800 80181-
1813810, 11000 81808, 1010 00181 0001 018381081110181818801118380-
08118038380380811 0880080180 81088 01111818 018 18818818 118081-
8003003 38000080 01118, 0888 dieser 011118 00111810 1181, 081 10
10108001 (1018108118 8180188880811113181, 01. 100, 103, Kn. 29, 04 ff.
Ph. 000. Nur 0111 80801081118081 000880113003 088 081σο181108ηὸ)
= 1111108 081 0818111808 818 00118810038881138 8111118100 0081 1088838010
1088080 1000001 018 0101180113003 80118118 001 010811 0081 081
1080118080 008108οὃ1118 (1111. 12 u. 33) 1111118 8010810880 0801 ’1000
008 08180180080 018111 3800380. 018 080301880018811183003 11800 8180
808080 301 081111 11180 01000 haben, 0888 081 0818111808 nur 10
00138 001 ihm 001183811οο0 110181818800183000011 01811180 00118188
008 1103811831811 808883811 0811 0081 81118 08110, 0888 018 080111-
3811831οο 08188100080 10810018180080810 088188138101801808 1111-
1081100380 088 0030183181 881081, 80008111 001808 081 0818018 1011
lmen bekannt 3111181080 8100.

088 »absolute Geheimnissu, 0088 0810 008180138118 3808180101
1101080181, 1800 000 1180801 018011) 38118011 80 118108ος 180810

8) J. 11, 110. 20-82, 01. 521 u. 525, (11.100, 1111. 219, 118181, 01. 101,
Gp. 680000 ss. 103 88081080 8080080080, 818 011 001 Ν1811111011101111811000
0801881381 100 081 1811111001οη3 801 3818018080 11101818188011183800811 801·
11101180 1000180, 11801800 0080 8080 018 110811. 11118111 0188 10180 1038000380
388181181 (0810888 10 0811881. 0001. 10 110. V. 008181. 08 poenit. 81 1810188. 80 e.
801018 utriusque 881118 11021) und 81181 1118111 00110 01111, 8800810 8080 in
01181888οο0 081811, 0888 081 (1818111808, 08181181 11018 081 01118 0110 01000113003
088 081801110088 088 08030188 1810813810 1111108, 111801180 38800081081080

110018. 081 01001 110108 100 0181118380 00110 01111, 01801 81181 8080 10
01181888οο0 181101380,0.-Ρ1.350 08010888, 01.-Ρ1. 52, 08011.

8¹) 010 0818011100 11800 10 001 0818018 0810 0881801381 Κοο0101813811811
180 810001 88118118 01811811010818118180 11810188οο0 0110 11111 8881881188, 801
1781011003 088 11810188οο08 080 080180180 80 11810811. 081 0881801381 01811801
080 11811180 088 081801181οᾱ88 111801 0810 08118018 8080381180. 11888. 11881101 15
11 80118338 1886 11 68, 1111. 21 00011.

9) 081 01188811. »0181188818 21 1088 »0101101080 081180, 8 01808 8110080
181 0811801, 000 810 01181181 1018818 0803008108110111810188088 80183811.
0811 1. 081 81 8180180 880811; 1000188010 11110 81 811181 1110 8113811, 8108111311·
1080. 11001 1Ιῖ 188188 81· 1818118181 11110 8180 8883801 1811 118188 018018. 10111
111. weiss 81808 081 08181118, 0888 813881001οο 081; 118011 81 nun 88311 180
0808813818 10810 28030188 801 01000 0181088 1110181 818 0881801381, 0800 11110
081 0180 81181011138 11813880108080, 81181 8118 (1) 11811 (1) 11110100 1111180οΙ013
08118οι; 11001180 1101080881 1181118111. 1895 N. 2⁶12, D. 1181808813. 0. 8. w. 1118
08801800001381 11188018 001800800811 1110181811 11188 1010810 08111181·
38110018 1111080800 1011 »118011 810 01188181, 081 1010 110108, 8181 801 888 081

 

