68 001000,1100011ον01000000111101000008000000.10100100010011000000.

0. 000.

Die 00. 105· 100010 1, 1051010 105Β finden 001 0001· 000
8010010101000101100000000, 01υεί1-10111000οο0, 001000101100000,

0011000 im 11000 000 (10000000000000 00000100. 00001 101 000 11001 »11001-
aitte« 01011 im 10001100000 Sinna 00 000010100, 01000010000001000100010101-
00010 im 01000 000 (10001000 0001 (110 ,100011001οω0 000 11010000, Β10100,11111100,
1100000000, 110το1000, 000 000000001001000 110010010000,11100010000 010 1110
10001010000 (100 10001100000000101 00111000001000100001, 000 110010000111001
(100001, 0000 10 010000 bestimmten 10001100οπ0ιο 1000110000οτ 1000110010000
001 00000 000 1000110000100000 im 81000 000 110100000000000000000 00-
001111101 0100.

Zur Βο001100000 000 100010οε1 00000 001(100110101010000001000100000
1000101001101 001 000 01000011100 1000000 0000010000, wo 0100 grosse 1011 10110-
110100101001000 0001011, 0001000 000 zum 10011 ganz 00101001000000, 01100001
0000000001010010000 - 010000100110100110100, 1000101011100 000 110100-
00000000 0001001001100100 000 1110100000 confession - 0010 00 0000101101οο
1100110000, 0000 0000 000 101000 100 01000000 (11οΒ010100000001110 110000
001100 11010000 00100000000 00100. 1110 00000100οο0 000010101000000 01000
1100001011101011000001000000000, 0000011 01001010011100000 0000 1100000οο
000 Q. l, 1001000 5 0001000000000 vom 00. suli 1801 000100, 001οο001011
mit 8100100 001001. 11110000 0000 0001 (1000 1100110010 0100001000000000 010
10001000000011 000001110001100 000 1110 10001100 000101101000000100010, 100000
001 Grund 000 0. 1051 100011011000000 0000000000000110 »11000000101011000
1010000110000000101100, 1101010 0001100000, Η11100000010, 10001100, 11001·
0111100, 1100000111ιο 000 andero 10001110011001100, 11000101000001001000
011001010 101000 Ηο0001000000000 0001000110101 010 0100000001000100 01011.
1110 100000000000011110000 1000 100000 010010110, 100000000000 01001 010 00001
000 (1000100010010010010000000000000 10010, 100000 01001001010 10010, 0001000
mit 010000 10001000 00000000101100, 0000100000.

Um die in 0. 1011 100. 2 00000000 0000001000, 01000100 1010011000 von
000 10001100οὴ0 00000000000, 00 0001110011000 00000. 00 00111000, 0000001000 010
1101100 S. 15: 10 0101000 1101100 000 11010000 101 eine 110100 000 110100000, 000100-
010001100 1001100000 1000000001011100 00100 010 zahl der 00001000100 10011000 001·
0000000000, 0001010 10000 10010001001100 000110101οο 0101100101001 0000000,
0000 01001 010 0000100010 10011000 001100. 0100010011000 im 81000 (1001. 1051
100. 2 000 (100100100010011000 im 11000 (110000 00001000 0110000010 00000-
0011100000, 11001 1010 0000000000 (10000 000000 0011000 00010 (100001101110100
110οἰ0100 000000000000110011101001000100000οη 0100000000100. 11000000 0011000
010 00110 800000010ηο (100 1000010111000 0000101100. l 00 (110000100110000
01010100 100001010110 00101000, 0001000 (011 101010οο0 01010000 101 10 anderen
110110000011010000100 110110000000 01010000, 010000 0000011000 10 1100110011
000001000. 8010000 101010000 0100 010000 001 (10000 000 000100000001000·
000110 0000 1001010100 100010100000 000 (100 0101001000 100001011100 1000 010
Ηο11101011000 000 [1000-0001011000 0000101101. En 101 110011 000001. zu 10000
000 000010101011110, 0000 die 1101000100 000 100000000100100000000, 001010 10·
0010100000 00 0001011000, 0001 000 0000000 0000101010οι 11001100ωο0000 000000·
1000 00100011 00101100 0101000

11ἰο 0000010010 100111000000000000000 00 01051 10011001100120

 

